TOP:
10.702 21.977 27.931 28.250 28.267 28.268 28.268 28.268 28.268 28.268 28.268 28.268 28.268 28.268 28.268 28.268 28.268 28.268 28.268 28.268 28.268 28.268 28.268 28.268 28.268 28.268 28.268 28.268 28.268 28.268 28.268 28.268 28.268 28.268 28.268 28.268 28.268 28.268 28.268 28.268 28.268 28.268 28.268 28.268 28.268 28.268 28.268 28.268 28.268 28.268 28.268 28.268 28.268 28.268 28.268 28.268 28.268 28.268 28.268 28.268 28.268 28.268 28.268 28.268 28.268 28.268 28.268 28.268 28.268 28.268 28.268 28.268 28.268 28.268 28.268 28.268 28.268 28.268 28.268 28.268 28.268 28.268 28.268 28.268 28.268 28.268 28.268 28.268 28.268 28.268 28.268 28.268 28.268 28.268 28.268 28.268 28.268 28.268 28.214 17.509 
OTHER:
10.702 21.977 27.931 28.250 28.267 28.268 28.268 28.268 28.268 28.268 28.268 28.268 28.268 28.268 28.268 28.268 28.268 28.268 28.268 28.268 28.268 28.268 28.268 28.268 28.268 28.268 28.268 28.268 28.268 28.268 28.268 28.268 28.268 28.268 28.268 28.268 28.268 28.268 28.268 28.268 28.268 28.268 28.268 28.268 28.268 28.268 28.268 28.268 28.268 28.268 28.268 28.268 28.268 28.268 28.268 28.268 28.268 28.268 28.268 28.268 28.268 28.268 28.268 28.268 28.268 28.268 28.268 28.268 28.268 28.268 28.268 28.268 28.268 28.268 28.268 28.268 28.268 28.268 28.268 28.268 28.268 28.268 28.268 28.268 28.268 28.268 28.268 28.268 28.268 28.268 28.268 28.268 28.268 28.268 28.268 28.268 28.268 28.268 28.214 17.509 
12.451 25.313 32.292 33.002 33.058 33.062 33.062 33.062 33.062 33.062 33.062 33.062 33.062 33.062 33.062 33.062 33.062 33.062 33.062 33.062 33.062 33.062 33.062 33.062 33.062 33.062 33.062 33.062 33.062 33.062 33.062 33.062 33.062 33.062 33.062 33.062 33.062 33.062 33.062 33.062 33.062 33.062 33.062 33.062 33.062 33.062 33.062 33.062 33.062 33.062 33.062 33.062 33.062 33.062 33.062 33.062 33.062 33.062 33.062 33.062 33.062 33.062 33.062 33.062 33.062 33.062 33.062 33.062 33.062 33.062 33.062 33.062 33.062 33.062 33.062 33.062 33.062 33.062 33.062 33.062 33.062 33.062 33.062 33.062 33.062 33.062 33.062 33.062 33.062 33.062 33.062 33.062 33.062 33.062 33.062 33.062 33.062 33.059 32.321 20.067 
12.723 25.833 32.986 33.783 33.867 33.874 33.875 33.875 33.875 33.875 33.875 33.875 33.875 33.875 33.875 33.875 33.875 33.875 33.875 33.875 33.875 33.875 33.875 33.875 33.875 33.875 33.875 33.875 33.875 33.875 33.875 33.875 33.875 33.875 33.875 33.875 33.875 33.875 33.875 33.875 33.875 33.875 33.875 33.875 33.875 33.875 33.875 33.875 33.875 33.875 33.875 33.875 33.875 33.875 33.875 33.875 33.875 33.875 33.875 33.875 33.875 33.875 33.875 33.875 33.875 33.875 33.875 33.875 33.875 33.875 33.875 33.875 33.875 33.875 33.875 33.875 33.875 33.875 33.875 33.875 33.875 33.875 33.875 33.875 33.875 33.875 33.875 33.875 33.875 33.875 33.875 33.875 33.875 33.875 33.875 33.875 33.875 33.835 32.868 20.345 
12.765 25.915 33.097 33.911 34.002 34.012 34.013 34.013 34.013 34.013 34.013 34.013 34.013 34.013 34.013 34.013 34.013 34.013 34.013 34.013 34.013 34.013 34.013 34.013 34.013 34.013 34.013 34.013 34.013 34.013 34.013 34.013 34.013 34.013 34.013 34.013 34.013 34.013 34.013 34.013 34.013 34.013 34.013 34.013 34.013 34.013 34.013 34.013 34.013 34.013 34.013 34.013 34.013 34.013 34.013 34.013 34.013 34.013 34.013 34.013 34.013 34.013 34.013 34.013 34.013 34.013 34.013 34.013 34.013 34.013 34.013 34.013 34.013 34.013 34.013 34.013 34.013 34.013 34.013 34.013 34.013 34.013 34.013 34.013 34.013 34.013 34.013 34.013 34.013 34.013 34.013 34.013 34.013 34.013 34.013 34.013 34.011 33.957 32.852 20.280 
12.772 25.928 33.115 33.932 34.025 34.035 34.036 34.036 34.036 34.036 34.036 34.036 34.036 34.036 34.036 34.036 34.036 34.036 34.036 34.036 34.036 34.036 34.036 34.036 34.036 34.036 34.036 34.036 34.036 34.036 34.036 34.036 34.036 34.036 34.036 34.036 34.036 34.036 34.036 34.036 34.036 34.036 34.036 34.036 34.036 34.036 34.036 34.036 34.036 34.036 34.036 34.036 34.036 34.036 34.036 34.036 34.036 34.036 34.036 34.036 34.036 34.036 34.036 34.036 34.036 34.036 34.036 34.036 34.036 34.036 34.036 34.036 34.036 34.036 34.036 34.036 34.036 34.036 34.036 34.036 34.036 34.036 34.036 34.036 34.036 34.036 34.036 34.036 34.036 34.036 34.036 34.036 34.036 34.036 34.036 34.036 34.033 33.971 32.746 20.162 
12.773 25.930 33.118 33.935 34.028 34.039 34.040 34.040 34.040 34.040 34.040 34.040 34.040 34.040 34.040 34.040 34.040 34.040 34.040 34.040 34.040 34.040 34.040 34.040 34.040 34.040 34.040 34.040 34.040 34.040 34.040 34.040 34.040 34.040 34.040 34.040 34.040 34.040 34.040 34.040 34.040 34.040 34.040 34.040 34.040 34.040 34.040 34.040 34.040 34.040 34.040 34.040 34.040 34.040 34.040 34.040 34.040 34.040 34.040 34.040 34.040 34.040 34.040 34.040 34.040 34.040 34.040 34.040 34.040 34.040 34.040 34.040 34.040 34.040 34.040 34.040 34.040 34.040 34.040 34.040 34.040 34.040 34.040 34.040 34.040 34.040 34.040 34.040 34.040 34.040 34.040 34.040 34.040 34.040 34.040 34.040 34.037 33.967 32.627 20.035 
12.773 25.931 33.118 33.936 34.029 34.040 34.041 34.041 34.041 34.041 34.041 34.041 34.041 34.041 34.041 34.041 34.041 34.041 34.041 34.041 34.041 34.041 34.041 34.041 34.041 34.041 34.041 34.041 34.041 34.041 34.041 34.041 34.041 34.041 34.041 34.041 34.041 34.041 34.041 34.041 34.041 34.041 34.041 34.041 34.041 34.041 34.041 34.041 34.041 34.041 34.041 34.041 34.041 34.041 34.041 34.041 34.041 34.041 34.041 34.041 34.041 34.041 34.041 34.041 34.041 34.041 34.041 34.041 34.041 34.041 34.041 34.041 34.041 34.041 34.041 34.041 34.041 34.041 34.041 34.041 34.041 34.041 34.041 34.041 34.041 34.041 34.041 34.041 34.041 34.041 34.041 34.041 34.041 34.041 34.041 34.041 34.037 33.961 32.505 19.908 
12.773 25.931 33.118 33.936 34.029 34.040 34.041 34.041 34.041 34.041 34.041 34.041 34.041 34.041 34.041 34.041 34.041 34.041 34.041 34.041 34.041 34.041 34.041 34.041 34.041 34.041 34.041 34.041 34.041 34.041 34.041 34.041 34.041 34.041 34.041 34.041 34.041 34.041 34.041 34.041 34.041 34.041 34.041 34.041 34.041 34.041 34.041 34.041 34.041 34.041 34.041 34.041 34.041 34.041 34.041 34.041 34.041 34.041 34.041 34.041 34.041 34.041 34.041 34.041 34.041 34.041 34.041 34.041 34.041 34.041 34.041 34.041 34.041 34.041 34.041 34.041 34.041 34.041 34.041 34.041 34.041 34.041 34.041 34.041 34.041 34.041 34.041 34.041 34.041 34.041 34.041 34.041 34.041 34.041 34.041 34.041 34.037 33.954 32.383 19.780 
12.773 25.931 33.118 33.936 34.029 34.040 34.041 34.041 34.041 34.041 34.041 34.041 34.041 34.041 34.041 34.041 34.041 34.041 34.041 34.041 34.041 34.041 34.041 34.041 34.041 34.041 34.041 34.041 34.041 34.041 34.041 34.041 34.041 34.041 34.041 34.041 34.041 34.041 34.041 34.041 34.041 34.041 34.041 34.041 34.041 34.041 34.041 34.041 34.041 34.041 34.041 34.041 34.041 34.041 34.041 34.041 34.041 34.041 34.041 34.041 34.041 34.041 34.041 34.041 34.041 34.041 34.041 34.041 34.041 34.041 34.041 34.041 34.041 34.041 34.041 34.041 34.041 34.041 34.041 34.041 34.041 34.041 34.041 34.041 34.041 34.041 34.041 34.041 34.041 34.041 34.041 34.041 34.041 34.041 34.041 34.041 34.036 33.947 32.261 19.652 
12.773 25.931 33.118 33.936 34.029 34.040 34.041 34.041 34.041 34.041 34.041 34.041 34.041 34.041 34.041 34.041 34.041 34.041 34.041 34.041 34.041 34.041 34.041 34.041 34.041 34.041 34.041 34.041 34.041 34.041 34.041 34.041 34.041 34.041 34.041 34.041 34.041 34.041 34.041 34.041 34.041 34.041 34.041 34.041 34.041 34.041 34.041 34.041 34.041 34.041 34.041 34.041 34.041 34.041 34.041 34.041 34.041 34.041 34.041 34.041 34.041 34.041 34.041 34.041 34.041 34.041 34.041 34.041 34.041 34.041 34.041 34.041 34.041 34.041 34.041 34.041 34.041 34.041 34.041 34.041 34.041 34.041 34.041 34.041 34.041 34.041 34.041 34.041 34.041 34.041 34.041 34.041 34.041 34.041 34.041 34.041 34.036 33.940 32.139 19.524 
12.773 25.931 33.118 33.936 34.029 34.040 34.041 34.041 34.041 34.041 34.041 34.041 34.041 34.041 34.041 34.041 34.041 34.041 34.041 34.041 34.041 34.041 34.041 34.041 34.041 34.041 34.041 34.041 34.041 34.041 34.041 34.041 34.041 34.041 34.041 34.041 34.041 34.041 34.041 34.041 34.041 34.041 34.041 34.041 34.041 34.041 34.041 34.041 34.041 34.041 34.041 34.041 34.041 34.041 34.041 34.041 34.041 34.041 34.041 34.041 34.041 34.041 34.041 34.041 34.041 34.041 34.041 34.041 34.041 34.041 34.041 34.041 34.041 34.041 34.041 34.041 34.041 34.041 34.041 34.041 34.041 34.041 34.041 34.041 34.041 34.041 34.041 34.041 34.041 34.041 34.041 34.041 34.041 34.041 34.041 34.041 34.035 33.933 32.016 19.396 
12.773 25.931 33.118 33.936 34.029 34.040 34.041 34.041 34.041 34.041 34.041 34.041 34.041 34.041 34.041 34.041 34.041 34.041 34.041 34.041 34.041 34.041 34.041 34.041 34.041 34.041 34.041 34.041 34.041 34.041 34.041 34.041 34.041 34.041 34.041 34.041 34.041 34.041 34.041 34.041 34.041 34.041 34.041 34.041 34.041 34.041 34.041 34.041 34.041 34.041 34.041 34.041 34.041 34.041 34.041 34.041 34.041 34.041 34.041 34.041 34.041 34.041 34.041 34.041 34.041 34.041 34.041 34.041 34.041 34.041 34.041 34.041 34.041 34.041 34.041 34.041 34.041 34.041 34.041 34.041 34.041 34.041 34.041 34.041 34.041 34.041 34.041 34.041 34.041 34.041 34.041 34.041 34.041 34.041 34.041 34.041 34.035 33.926 31.894 19.268 
12.773 25.931 33.118 33.936 34.029 34.040 34.041 34.041 34.041 34.041 34.041 34.041 34.041 34.041 34.041 34.041 34.041 34.041 34.041 34.041 34.041 34.041 34.041 34.041 34.041 34.041 34.041 34.041 34.041 34.041 34.041 34.041 34.041 34.041 34.041 34.041 34.041 34.041 34.041 34.041 34.041 34.041 34.041 34.041 34.041 34.041 34.041 34.041 34.041 34.041 34.041 34.041 34.041 34.041 34.041 34.041 34.041 34.041 34.041 34.041 34.041 34.041 34.041 34.041 34.041 34.041 34.041 34.041 34.041 34.041 34.041 34.041 34.041 34.041 34.041 34.041 34.041 34.041 34.041 34.041 34.041 34.041 34.041 34.041 34.041 34.041 34.041 34.041 34.041 34.041 34.041 34.041 34.041 34.041 34.041 34.041 34.035 33.919 31.772 19.140 
12.773 25.931 33.118 33.936 34.029 34.040 34.041 34.041 34.041 34.041 34.041 34.041 34.041 34.041 34.041 34.041 34.041 34.041 34.041 34.041 34.041 34.041 34.041 34.041 34.041 34.041 34.041 34.041 34.041 34.041 34.041 34.041 34.041 34.041 34.041 34.041 34.041 34.041 34.041 34.041 34.041 34.041 34.041 34.041 34.041 34.041 34.041 34.041 34.041 34.041 34.041 34.041 34.041 34.041 34.041 34.041 34.041 34.041 34.041 34.041 34.041 34.041 34.041 34.041 34.041 34.041 34.041 34.041 34.041 34.041 34.041 34.041 34.041 34.041 34.041 34.041 34.041 34.041 34.041 34.041 34.041 34.041 34.041 34.041 34.041 34.041 34.041 34.041 34.041 34.041 34.041 34.041 34.041 34.041 34.041 34.041 34.034 33.913 31.650 19.011 
12.773 25.931 33.118 33.936 34.029 34.040 34.041 34.041 34.041 34.041 34.041 34.041 34.041 34.041 34.041 34.041 34.041 34.041 34.041 34.041 34.041 34.041 34.041 34.041 34.041 34.041 34.041 34.041 34.041 34.041 34.041 34.041 34.041 34.041 34.041 34.041 34.041 34.041 34.041 34.041 34.041 34.041 34.041 34.041 34.041 34.041 34.041 34.041 34.041 34.041 34.041 34.041 34.041 34.041 34.041 34.041 34.041 34.041 34.041 34.041 34.041 34.041 34.041 34.041 34.041 34.041 34.041 34.041 34.041 34.041 34.041 34.041 34.041 34.041 34.041 34.041 34.041 34.041 34.041 34.041 34.041 34.041 34.041 34.041 34.041 34.041 34.041 34.041 34.041 34.041 34.041 34.041 34.041 34.041 34.041 34.041 34.034 33.906 31.527 18.883 
12.773 25.931 33.118 33.936 34.029 34.040 34.041 34.041 34.041 34.041 34.041 34.041 34.041 34.041 34.041 34.041 34.041 34.041 34.041 34.041 34.041 34.041 34.041 34.041 34.041 34.041 34.041 34.041 34.041 34.041 34.041 34.041 34.041 34.041 34.041 34.041 34.041 34.041 34.041 34.041 34.041 34.041 34.041 34.041 34.041 34.041 34.041 34.041 34.041 34.041 34.041 34.041 34.041 34.041 34.041 34.041 34.041 34.041 34.041 34.041 34.041 34.041 34.041 34.041 34.041 34.041 34.041 34.041 34.041 34.041 34.041 34.041 34.041 34.041 34.041 34.041 34.041 34.041 34.041 34.041 34.041 34.041 34.041 34.041 34.041 34.041 34.041 34.041 34.041 34.041 34.041 34.041 34.041 34.041 34.041 34.041 34.033 33.899 31.405 18.755 
12.773 25.931 33.118 33.936 34.029 34.040 34.041 34.041 34.041 34.041 34.041 34.041 34.041 34.041 34.041 34.041 34.041 34.041 34.041 34.041 34.041 34.041 34.041 34.041 34.041 34.041 34.041 34.041 34.041 34.041 34.041 34.041 34.041 34.041 34.041 34.041 34.041 34.041 34.041 34.041 34.041 34.041 34.041 34.041 34.041 34.041 34.041 34.041 34.041 34.041 34.041 34.041 34.041 34.041 34.041 34.041 34.041 34.041 34.041 34.041 34.041 34.041 34.041 34.041 34.041 34.041 34.041 34.041 34.041 34.041 34.041 34.041 34.041 34.041 34.041 34.041 34.041 34.041 34.041 34.041 34.041 34.041 34.041 34.041 34.041 34.041 34.041 34.041 34.041 34.041 34.041 34.041 34.041 34.041 34.041 34.041 34.033 33.892 31.283 18.627 
12.773 25.931 33.118 33.936 34.029 34.040 34.041 34.041 34.041 34.041 34.041 34.041 34.041 34.041 34.041 34.041 34.041 34.041 34.041 34.041 34.041 34.041 34.041 34.041 34.041 34.041 34.041 34.041 34.041 34.041 34.041 34.041 34.041 34.041 34.041 34.041 34.041 34.041 34.041 34.041 34.041 34.041 34.041 34.041 34.041 34.041 34.041 34.041 34.041 34.041 34.041 34.041 34.041 34.041 34.041 34.041 34.041 34.041 34.041 34.041 34.041 34.041 34.041 34.041 34.041 34.041 34.041 34.041 34.041 34.041 34.041 34.041 34.041 34.041 34.041 34.041 34.041 34.041 34.041 34.041 34.041 34.041 34.041 34.041 34.041 34.041 34.041 34.041 34.041 34.041 34.041 34.041 34.041 34.041 34.041 34.041 34.033 33.885 31.161 18.499 
12.773 25.931 33.118 33.936 34.029 34.040 34.041 34.041 34.041 34.041 34.041 34.041 34.041 34.041 34.041 34.041 34.041 34.041 34.041 34.041 34.041 34.041 34.041 34.041 34.041 34.041 34.041 34.041 34.041 34.041 34.041 34.041 34.041 34.041 34.041 34.041 34.041 34.041 34.041 34.041 34.041 34.041 34.041 34.041 34.041 34.041 34.041 34.041 34.041 34.041 34.041 34.041 34.041 34.041 34.041 34.041 34.041 34.041 34.041 34.041 34.041 34.041 34.041 34.041 34.041 34.041 34.041 34.041 34.041 34.041 34.041 34.041 34.041 34.041 34.041 34.041 34.041 34.041 34.041 34.041 34.041 34.041 34.041 34.041 34.041 34.041 34.041 34.041 34.041 34.041 34.041 34.041 34.041 34.041 34.041 34.041 34.032 33.878 31.038 18.371 
12.773 25.931 33.118 33.936 34.029 34.040 34.041 34.041 34.041 34.041 34.041 34.041 34.041 34.041 34.041 34.041 34.041 34.041 34.041 34.041 34.041 34.041 34.041 34.041 34.041 34.041 34.041 34.041 34.041 34.041 34.041 34.041 34.041 34.041 34.041 34.041 34.041 34.041 34.041 34.041 34.041 34.041 34.041 34.041 34.041 34.041 34.041 34.041 34.041 34.041 34.041 34.041 34.041 34.041 34.041 34.041 34.041 34.041 34.041 34.041 34.041 34.041 34.041 34.041 34.041 34.041 34.041 34.041 34.041 34.041 34.041 34.041 34.041 34.041 34.041 34.041 34.041 34.041 34.041 34.041 34.041 34.041 34.041 34.041 34.041 34.041 34.041 34.041 34.041 34.041 34.041 34.041 34.041 34.041 34.041 34.041 34.032 33.871 30.916 18.243 
12.773 25.931 33.118 33.936 34.029 34.040 34.041 34.041 34.041 34.041 34.041 34.041 34.041 34.041 34.041 34.041 34.041 34.041 34.041 34.041 34.041 34.041 34.041 34.041 34.041 34.041 34.041 34.041 34.041 34.041 34.041 34.041 34.041 34.041 34.041 34.041 34.041 34.041 34.041 34.041 34.041 34.041 34.041 34.041 34.041 34.041 34.041 34.041 34.041 34.041 34.041 34.041 34.041 34.041 34.041 34.041 34.041 34.041 34.041 34.041 34.041 34.041 34.041 34.041 34.041 34.041 34.041 34.041 34.041 34.041 34.041 34.041 34.041 34.041 34.041 34.041 34.041 34.041 34.041 34.041 34.041 34.041 34.041 34.041 34.041 34.041 34.041 34.041 34.041 34.041 34.041 34.041 34.041 34.041 34.041 34.041 34.032 33.864 30.794 18.115 
12.773 25.931 33.118 33.936 34.029 34.040 34.041 34.041 34.041 34.041 34.041 34.041 34.041 34.041 34.041 34.041 34.041 34.041 34.041 34.041 34.041 34.041 34.041 34.041 34.041 34.041 34.041 34.041 34.041 34.041 34.041 34.041 34.041 34.041 34.041 34.041 34.041 34.041 34.041 34.041 34.041 34.041 34.041 34.041 34.041 34.041 34.041 34.041 34.041 34.041 34.041 34.041 34.041 34.041 34.041 34.041 34.041 34.041 34.041 34.041 34.041 34.041 34.041 34.041 34.041 34.041 34.041 34.041 34.041 34.041 34.041 34.041 34.041 34.041 34.041 34.041 34.041 34.041 34.041 34.041 34.041 34.041 34.041 34.041 34.041 34.041 34.041 34.041 34.041 34.041 34.041 34.041 34.041 34.041 34.041 34.041 34.031 33.857 30.672 17.987 
12.773 25.931 33.118 33.936 34.029 34.040 34.041 34.041 34.041 34.041 34.041 34.041 34.041 34.041 34.041 34.041 34.041 34.041 34.041 34.041 34.041 34.041 34.041 34.041 34.041 34.041 34.041 34.041 34.041 34.041 34.041 34.041 34.041 34.041 34.041 34.041 34.041 34.041 34.041 34.041 34.041 34.041 34.041 34.041 34.041 34.041 34.041 34.041 34.041 34.041 34.041 34.041 34.041 34.041 34.041 34.041 34.041 34.041 34.041 34.041 34.041 34.041 34.041 34.041 34.041 34.041 34.041 34.041 34.041 34.041 34.041 34.041 34.041 34.041 34.041 34.041 34.041 34.041 34.041 34.041 34.041 34.041 34.041 34.041 34.041 34.041 34.041 34.041 34.041 34.041 34.041 34.041 34.041 34.041 34.041 34.041 34.031 33.850 30.549 17.859 
12.773 25.931 33.118 33.936 34.029 34.040 34.041 34.041 34.041 34.041 34.041 34.041 34.041 34.041 34.041 34.041 34.041 34.041 34.041 34.041 34.041 34.041 34.041 34.041 34.041 34.041 34.041 34.041 34.041 34.041 34.041 34.041 34.041 34.041 34.041 34.041 34.041 34.041 34.041 34.041 34.041 34.041 34.041 34.041 34.041 34.041 34.041 34.041 34.041 34.041 34.041 34.041 34.041 34.041 34.041 34.041 34.041 34.041 34.041 34.041 34.041 34.041 34.041 34.041 34.041 34.041 34.041 34.041 34.041 34.041 34.041 34.041 34.041 34.041 34.041 34.041 34.041 34.041 34.041 34.041 34.041 34.041 34.041 34.041 34.041 34.041 34.041 34.041 34.041 34.041 34.041 34.041 34.041 34.041 34.041 34.041 34.030 33.843 30.427 17.731 
12.773 25.931 33.118 33.936 34.029 34.040 34.041 34.041 34.041 34.041 34.041 34.041 34.041 34.041 34.041 34.041 34.041 34.041 34.041 34.041 34.041 34.041 34.041 34.041 34.041 34.041 34.041 34.041 34.041 34.041 34.041 34.041 34.041 34.041 34.041 34.041 34.041 34.041 34.041 34.041 34.041 34.041 34.041 34.041 34.041 34.041 34.041 34.041 34.041 34.041 34.041 34.041 34.041 34.041 34.041 34.041 34.041 34.041 34.041 34.041 34.041 34.041 34.041 34.041 34.041 34.041 34.041 34.041 34.041 34.041 34.041 34.041 34.041 34.041 34.041 34.041 34.041 34.041 34.041 34.041 34.041 34.041 34.041 34.041 34.041 34.041 34.041 34.041 34.041 34.041 34.041 34.041 34.041 34.041 34.041 34.041 34.030 33.836 30.305 17.603 
12.773 25.931 33.118 33.936 34.029 34.040 34.041 34.041 34.041 34.041 34.041 34.041 34.041 34.041 34.041 34.041 34.041 34.041 34.041 34.041 34.041 34.041 34.041 34.041 34.041 34.041 34.041 34.041 34.041 34.041 34.041 34.041 34.041 34.041 34.041 34.041 34.041 34.041 34.041 34.041 34.041 34.041 34.041 34.041 34.041 34.041 34.041 34.041 34.041 34.041 34.041 34.041 34.041 34.041 34.041 34.041 34.041 34.041 34.041 34.041 34.041 34.041 34.041 34.041 34.041 34.041 34.041 34.041 34.041 34.041 34.041 34.041 34.041 34.041 34.041 34.041 34.041 34.041 34.041 34.041 34.041 34.041 34.041 34.041 34.041 34.041 34.041 34.041 34.041 34.041 34.041 34.041 34.041 34.041 34.041 34.041 34.030 33.829 30.183 17.475 
12.773 25.931 33.118 33.936 34.029 34.040 34.041 34.041 34.041 34.041 34.041 34.041 34.041 34.041 34.041 34.041 34.041 34.041 34.041 34.041 34.041 34.041 34.041 34.041 34.041 34.041 34.041 34.041 34.041 34.041 34.041 34.041 34.041 34.041 34.041 34.041 34.041 34.041 34.041 34.041 34.041 34.041 34.041 34.041 34.041 34.041 34.041 34.041 34.041 34.041 34.041 34.041 34.041 34.041 34.041 34.041 34.041 34.041 34.041 34.041 34.041 34.041 34.041 34.041 34.041 34.041 34.041 34.041 34.041 34.041 34.041 34.041 34.041 34.041 34.041 34.041 34.041 34.041 34.041 34.041 34.041 34.041 34.041 34.041 34.041 34.041 34.041 34.041 34.041 34.041 34.041 34.041 34.041 34.041 34.041 34.041 34.029 33.822 30.061 17.347 
12.773 25.931 33.118 33.936 34.029 34.040 34.041 34.041 34.041 34.041 34.041 34.041 34.041 34.041 34.041 34.041 34.041 34.041 34.041 34.041 34.041 34.041 34.041 34.041 34.041 34.041 34.041 34.041 34.041 34.041 34.041 34.041 34.041 34.041 34.041 34.041 34.041 34.041 34.041 34.041 34.041 34.041 34.041 34.041 34.041 34.041 34.041 34.041 34.041 34.041 34.041 34.041 34.041 34.041 34.041 34.041 34.041 34.041 34.041 34.041 34.041 34.041 34.041 34.041 34.041 34.041 34.041 34.041 34.041 34.041 34.041 34.041 34.041 34.041 34.041 34.041 34.041 34.041 34.041 34.041 34.041 34.041 34.041 34.041 34.041 34.041 34.041 34.041 34.041 34.041 34.041 34.041 34.041 34.041 34.041 34.040 34.029 33.815 29.938 17.219 
12.773 25.931 33.118 33.936 34.029 34.040 34.041 34.041 34.041 34.041 34.041 34.041 34.041 34.041 34.041 34.041 34.041 34.041 34.041 34.041 34.041 34.041 34.041 34.041 34.041 34.041 34.041 34.041 34.041 34.041 34.041 34.041 34.041 34.041 34.041 34.041 34.041 34.041 34.041 34.041 34.041 34.041 34.041 34.041 34.041 34.041 34.041 34.041 34.041 34.041 34.041 34.041 34.041 34.041 34.041 34.041 34.041 34.041 34.041 34.041 34.041 34.041 34.041 34.041 34.041 34.041 34.041 34.041 34.041 34.041 34.041 34.041 34.041 34.041 34.041 34.041 34.041 34.041 34.041 34.041 34.041 34.041 34.041 34.041 34.041 34.041 34.041 34.041 34.041 34.041 34.041 34.041 34.041 34.041 34.041 34.040 34.028 33.808 29.816 17.091 
12.773 25.931 33.118 33.936 34.029 34.040 34.041 34.041 34.041 34.041 34.041 34.041 34.041 34.041 34.041 34.041 34.041 34.041 34.041 34.041 34.041 34.041 34.041 34.041 34.041 34.041 34.041 34.041 34.041 34.041 34.041 34.041 34.041 34.041 34.041 34.041 34.041 34.041 34.041 34.041 34.041 34.041 34.041 34.041 34.041 34.041 34.041 34.041 34.041 28.690 28.404 28.389 33.739 34.025 34.040 34.041 34.041 34.041 34.041 34.041 34.041 34.041 34.041 34.041 34.041 34.041 34.041 34.041 34.041 34.041 34.041 34.041 34.041 34.041 34.041 34.041 34.041 34.041 34.041 34.041 34.041 34.041 34.041 34.041 34.041 34.041 34.041 34.041 34.041 34.041 34.041 34.041 34.041 34.041 34.041 34.040 34.028 33.801 29.694 16.963 
12.773 25.931 33.118 33.936 34.029 34.040 34.041 34.041 34.041 34.041 34.041 34.041 34.041 34.041 34.041 34.041 34.041 34.041 34.041 34.041 34.041 34.041 34.041 34.041 34.041 34.041 34.041 34.041 34.041 34.041 34.041 34.041 34.041 34.041 34.041 34.041 34.041 34.041 34.041 34.041 34.041 34.041 34.041 28.690 23.053 17.400 17.098 17.082 16.794 11.126 0.000 15.546 16.679 17.042 17.078 17.080 22.432 28.069 33.722 34.024 34.040 34.041 34.041 34.041 34.041 34.041 34.041 34.041 34.041 34.041 34.041 34.041 34.041 34.041 34.041 34.041 34.041 34.041 34.041 34.041 34.041 34.041 34.041 34.041 34.041 34.041 34.041 34.041 34.041 34.041 34.041 34.041 34.041 34.041 34.041 34.040 34.028 33.794 29.572 16.835 
12.773 25.931 33.118 33.936 34.029 34.040 34.041 34.041 34.041 34.041 34.041 34.041 34.041 34.041 34.041 34.041 34.041 34.041 34.041 34.041 34.041 34.041 34.041 34.041 34.041 34.041 34.041 34.041 34.041 34.041 34.041 34.041 34.041 34.041 34.041 34.041 34.041 34.041 34.041 34.041 34.041 28.690 22.767 11.160 0.000 0.000 0.000 0.000 0.000 0.000 0.000 0.000 0.000 0.000 0.000 0.000 0.000 15.209 21.994 28.027 33.718 34.024 34.040 34.041 34.041 34.041 34.041 34.041 34.041 34.041 34.041 34.041 34.041 34.041 34.041 34.041 34.041 34.041 34.041 34.041 34.041 34.041 34.041 34.041 34.041 34.041 34.041 34.041 34.041 34.041 34.041 34.041 34.041 34.041 34.041 34.040 34.027 33.787 29.449 16.707 
12.773 25.931 33.118 33.936 34.029 34.040 34.041 34.041 34.041 34.041 34.041 34.041 34.041 34.041 34.041 34.041 34.041 34.041 34.041 34.041 34.041 34.041 34.041 34.041 34.041 34.041 34.041 34.041 34.041 34.041 34.041 34.041 34.041 34.041 34.041 34.041 34.041 34.041 34.041 28.690 22.767 11.144 0.000 0.000 0.000 0.000 0.000 0.000 0.000 0.000 0.000 0.000 0.000 0.000 0.000 0.000 0.000 0.000 0.000 15.183 21.990 28.027 33.718 34.024 34.040 34.041 34.041 34.041 34.041 34.041 34.041 34.041 34.041 34.041 34.041 34.041 34.041 34.041 34.041 34.041 34.041 34.041 34.041 34.041 34.041 34.041 34.041 34.041 34.041 34.041 34.041 34.041 34.041 34.041 34.041 34.040 34.027 33.780 29.327 16.579 
12.773 25.931 33.118 33.936 34.029 34.040 34.041 34.041 34.041 34.041 34.041 34.041 34.041 34.041 34.041 34.041 34.041 34.041 34.041 34.041 34.041 34.041 34.041 34.041 34.041 34.041 34.041 34.041 34.041 34.041 34.041 34.041 34.041 34.041 34.041 34.041 34.041 28.690 22.767 11.144 0.000 0.000 0.000 0.000 0.000 0.000 0.000 0.000 0.000 0.000 0.000 0.000 0.000 0.000 0.000 0.000 0.000 0.000 0.000 0.000 0.000 15.183 21.990 28.027 33.718 34.024 34.040 34.041 34.041 34.041 34.041 34.041 34.041 34.041 34.041 34.041 34.041 34.041 34.041 34.041 34.041 34.041 34.041 34.041 34.041 34.041 34.041 34.041 34.041 34.041 34.041 34.041 34.041 34.041 34.041 34.040 34.026 33.773 29.205 16.451 
12.773 25.931 33.118 33.936 34.029 34.040 34.041 34.041 34.041 34.041 34.041 34.041 34.041 34.041 34.041 34.041 34.041 34.041 34.041 34.041 34.041 34.041 34.041 34.041 34.041 34.041 34.041 34.041 34.041 34.041 34.041 34.041 34.041 34.041 34.041 34.041 28.404 16.797 0.000 0.000 0.000 0.000 0.000 0.000 0.000 0.000 0.000 0.000 0.000 0.000 0.000 0.000 0.000 0.000 0.000 0.000 0.000 0.000 0.000 0.000 0.000 0.000 0.000 20.534 27.627 33.680 34.021 34.040 34.041 34.041 34.041 34.041 34.041 34.041 34.041 34.041 34.041 34.041 34.041 34.041 34.041 34.041 34.041 34.041 34.041 34.041 34.041 34.041 34.041 34.041 34.041 34.041 34.041 34.041 34.041 34.040 34.026 33.766 29.083 16.323 
12.773 25.931 33.118 33.936 34.029 34.040 34.041 34.041 34.041 34.041 34.041 34.041 34.041 34.041 34.041 34.041 34.041 34.041 34.041 34.041 34.041 34.041 34.041 34.041 34.041 34.041 34.041 34.041 34.041 34.041 34.041 34.041 34.041 34.041 34.041 28.389 16.461 0.000 0.000 0.000 0.000 0.000 0.000 0.000 0.000 0.000 0.000 0.000 0.000 0.000 0.000 0.000 0.000 0.000 0.000 0.000 0.000 0.000 0.000 0.000 0.000 0.000 0.000 0.000 20.432 27.598 33.676 34.020 34.040 34.041 34.041 34.041 34.041 34.041 34.041 34.041 34.041 34.041 34.041 34.041 34.041 34.041 34.041 34.041 34.041 34.041 34.041 34.041 34.041 34.041 34.041 34.041 34.041 34.041 34.041 34.040 34.026 33.759 28.960 16.195 
12.773 25.931 33.118 33.936 34.029 34.040 34.041 34.041 34.041 34.041 34.041 34.041 34.041 34.041 34.041 34.041 34.041 34.041 34.041 34.041 34.041 34.041 34.041 34.041 34.041 34.041 34.041 34.041 34.041 34.041 34.041 34.041 34.041 34.041 28.388 16.442 0.000 0.000 0.000 0.000 0.000 0.000 0.000 0.000 0.000 0.000 0.000 0.000 0.000 0.000 0.000 0.000 0.000 0.000 0.000 0.000 0.000 0.000 0.000 0.000 0.000 0.000 0.000 0.000 0.000 20.425 27.596 33.676 34.020 34.040 34.041 34.041 34.041 34.041 34.041 34.041 34.041 34.041 34.041 34.041 34.041 34.041 34.041 34.041 34.041 34.041 34.041 34.041 34.041 34.041 34.041 34.041 34.041 34.041 34.041 34.040 34.025 33.753 28.838 16.067 
12.773 25.931 33.118 33.936 34.029 34.040 34.041 34.041 34.041 34.041 34.041 34.041 34.041 34.041 34.041 34.041 34.041 34.041 34.041 34.041 34.041 34.041 34.041 34.041 34.041 34.041 34.041 34.041 34.041 34.041 34.041 34.041 34.041 28.388 16.441 0.000 0.000 0.000 0.000 0.000 0.000 0.000 0.000 0.000 0.000 0.000 0.000 0.000 0.000 0.000 0.000 0.000 0.000 0.000 0.000 0.000 0.000 0.000 0.000 0.000 0.000 0.000 0.000 0.000 0.000 0.000 20.425 27.596 33.676 34.020 34.040 34.041 34.041 34.041 34.041 34.041 34.041 34.041 34.041 34.041 34.041 34.041 34.041 34.041 34.041 34.041 34.041 34.041 34.041 34.041 34.041 34.041 34.041 34.041 34.041 34.040 34.025 33.746 28.716 15.939 
12.773 25.931 33.118 33.936 34.029 34.040 34.041 34.041 34.041 34.041 34.041 34.041 34.041 34.041 34.041 34.041 34.041 34.041 34.041 34.041 34.041 34.041 34.041 34.041 34.041 34.041 34.041 34.041 34.041 34.041 34.041 34.041 33.739 22.079 0.000 0.000 0.000 0.000 0.000 0.000 0.000 0.000 0.000 0.000 0.000 0.000 0.000 0.000 0.000 0.000 0.000 0.000 0.000 0.000 0.000 0.000 0.000 0.000 0.000 0.000 0.000 0.000 0.000 0.000 0.000 0.000 0.000 25.776 33.233 33.977 34.037 34.041 34.041 34.041 34.041 34.041 34.041 34.041 34.041 34.041 34.041 34.041 34.041 34.041 34.041 34.041 34.041 34.041 34.041 34.041 34.041 34.041 34.041 34.041 34.041 34.040 34.024 33.739 28.594 15.811 
12.773 25.931 33.118 33.936 34.029 34.040 34.041 34.041 34.041 34.041 34.041 34.041 34.041 34.041 34.041 34.041 34.041 34.041 34.041 34.041 34.041 34.041 34.041 34.041 34.041 34.041 34.041 34.041 34.041 34.041 34.041 34.025 28.033 15.189 0.000 0.000 0.000 0.000 0.000 0.000 0.000 0.000 0.000 0.000 0.000 0.000 0.000 0.000 0.000 0.000 0.000 0.000 0.000 0.000 0.000 0.000 0.000 0.000 0.000 0.000 0.000 0.000 0.000 0.000 0.000 0.000 0.000 19.211 27.408 33.639 34.016 34.040 34.041 34.041 34.041 34.041 34.041 34.041 34.041 34.041 34.041 34.041 34.041 34.041 34.041 34.041 34.041 34.041 34.041 34.041 34.041 34.041 34.041 34.041 34.041 34.040 34.024 33.732 28.471 15.683 
12.773 25.931 33.118 33.936 34.029 34.040 34.041 34.041 34.041 34.041 34.041 34.041 34.041 34.041 34.041 34.041 34.041 34.041 34.041 34.041 34.041 34.041 34.041 34.041 34.041 34.041 34.041 34.041 34.041 34.041 34.040 33.719 21.991 0.000 0.000 0.000 0.000 0.000 0.000 0.000 0.000 0.000 0.000 0.000 0.000 0.000 0.000 0.000 0.000 0.000 0.000 0.000 0.000 0.000 0.000 0.000 0.000 0.000 0.000 0.000 0.000 0.000 0.000 0.000 0.000 0.000 0.000 0.000 25.699 33.217 33.974 34.036 34.041 34.041 34.041 34.041 34.041 34.041 34.041 34.041 34.041 34.041 34.041 34.041 34.041 34.041 34.041 34.041 34.041 34.041 34.041 34.041 34.041 34.041 34.041 34.040 34.024 33.725 28.349 15.555 
12.773 25.931 33.118 33.936 34.029 34.040 34.041 34.041 34.041 34.041 34.041 34.041 34.041 34.041 34.041 34.041 34.041 34.041 34.041 34.041 34.041 34.041 34.041 34.041 34.041 34.041 34.041 34.041 34.041 34.041 34.024 28.027 15.183 0.000 0.000 0.000 0.000 0.000 0.000 0.000 0.000 0.000 0.000 0.000 0.000 0.000 0.000 0.000 0.000 0.000 0.000 0.000 0.000 0.000 0.000 0.000 0.000 0.000 0.000 0.000 0.000 0.000 0.000 0.000 0.000 0.000 0.000 0.000 19.206 27.402 33.638 34.016 34.040 34.041 34.041 34.041 34.041 34.041 34.041 34.041 34.041 34.041 34.041 34.041 34.041 34.041 34.041 34.041 34.041 34.041 34.041 34.041 34.041 34.041 34.041 34.040 34.023 33.718 28.227 15.427 
12.773 25.931 33.118 33.936 34.029 34.040 34.041 34.041 34.041 34.041 34.041 34.041 34.041 34.041 34.041 34.041 34.041 34.041 34.041 34.041 34.041 34.041 34.041 34.041 34.041 34.041 34.041 34.041 34.041 34.040 33.718 21.990 0.000 0.000 0.000 0.000 0.000 0.000 0.000 0.000 0.000 0.000 0.000 0.000 0.000 0.000 0.000 0.000 0.000 0.000 0.000 0.000 0.000 0.000 0.000 0.000 0.000 0.000 0.000 0.000 0.000 0.000 0.000 0.000 0.000 0.000 0.000 0.000 0.000 25.698 33.217 33.974 34.036 34.041 34.041 34.041 34.041 34.041 34.041 34.041 34.041 34.041 34.041 34.041 34.041 34.041 34.041 34.041 34.041 34.041 34.041 34.041 34.041 34.041 34.041 34.040 34.023 33.711 28.105 15.298 
12.773 25.931 33.118 33.936 34.029 34.040 34.041 34.041 34.041 34.041 34.041 34.041 34.041 34.041 34.041 34.041 34.041 34.041 34.041 34.041 34.041 34.041 34.041 34.041 34.041 34.041 34.041 34.041 34.041 34.024 28.027 15.183 0.000 0.000 0.000 0.000 0.000 0.000 0.000 0.000 0.000 0.000 0.000 0.000 0.000 0.000 0.000 0.000 0.000 0.000 0.000 0.000 0.000 0.000 0.000 0.000 0.000 0.000 0.000 0.000 0.000 0.000 0.000 0.000 0.000 0.000 0.000 0.000 0.000 19.206 27.402 33.638 34.016 34.040 34.041 34.041 34.041 34.041 34.041 34.041 34.041 34.041 34.041 34.041 34.041 34.041 34.041 34.041 34.041 34.041 34.041 34.041 34.041 34.041 34.041 34.040 34.022 33.704 27.982 15.170 
12.773 25.931 33.118 33.936 34.029 34.040 34.041 34.041 34.041 34.041 34.041 34.041 34.041 34.041 34.041 34.041 34.041 34.041 34.041 34.041 34.041 34.041 34.041 34.041 34.041 34.041 34.041 34.041 34.040 33.718 21.990 0.000 0.000 0.000 0.000 0.000 0.000 0.000 0.000 0.000 0.000 0.000 0.000 0.000 0.000 0.000 0.000 0.000 0.000 0.000 0.000 0.000 0.000 0.000 0.000 0.000 0.000 0.000 0.000 0.000 0.000 0.000 0.000 0.000 0.000 0.000 0.000 0.000 0.000 0.000 25.698 33.217 33.974 34.036 34.041 34.041 34.041 34.041 34.041 34.041 34.041 34.041 34.041 34.041 34.041 34.041 34.041 34.041 34.041 34.041 34.041 34.041 34.041 34.041 34.041 34.040 34.022 33.697 27.860 15.042 
12.773 25.931 33.118 33.936 34.029 34.040 34.041 34.041 34.041 34.041 34.041 34.041 34.041 34.041 34.041 34.041 34.041 34.041 34.041 34.041 34.041 34.041 34.041 34.041 34.041 34.041 34.041 34.041 34.024 33.378 20.820 0.000 0.000 0.000 0.000 0.000 0.000 0.000 0.000 0.000 0.000 0.000 0.000 0.000 0.000 0.000 0.000 0.000 0.000 0.000 0.000 0.000 0.000 0.000 0.000 0.000 0.000 0.000 0.000 0.000 0.000 0.000 0.000 0.000 0.000 0.000 0.000 0.000 0.000 0.000 24.557 33.039 33.940 34.032 34.040 34.041 34.041 34.041 34.041 34.041 34.041 34.041 34.041 34.041 34.041 34.041 34.041 34.041 34.041 34.041 34.041 34.041 34.041 34.041 34.041 34.040 34.022 33.690 27.738 14.914 
12.773 25.931 33.118 33.936 34.029 34.040 34.041 34.041 34.041 34.041 34.041 34.041 34.041 34.041 34.041 34.041 34.041 34.041 34.041 34.041 34.041 34.041 34.041 34.041 34.041 34.041 34.041 34.040 34.005 33.295 20.735 0.000 0.000 0.000 0.000 0.000 0.000 0.000 0.000 0.000 0.000 0.000 0.000 0.000 0.000 0.000 0.000 0.000 0.000 0.000 0.000 0.000 0.000 0.000 0.000 0.000 0.000 0.000 0.000 0.000 0.000 0.000 0.000 0.000 0.000 0.000 0.000 0.000 0.000 0.000 24.486 32.963 33.924 34.029 34.040 34.041 34.041 34.041 34.041 34.041 34.041 34.041 34.041 34.041 34.041 34.041 34.041 34.041 34.041 34.041 34.041 34.041 34.041 34.041 34.041 34.040 34.021 33.683 27.616 14.786 
12.773 25.931 33.118 33.936 34.029 34.040 34.041 34.041 34.041 34.041 34.041 34.041 34.041 34.041 34.041 34.041 34.041 34.041 34.041 34.041 34.041 34.041 34.041 34.041 34.041 34.041 34.041 34.039 33.999 33.285 20.725 0.000 0.000 0.000 0.000 0.000 0.000 0.000 0.000 0.000 0.000 0.000 0.000 0.000 0.000 0.000 0.000 0.000 0.000 0.000 0.000 0.000 0.000 0.000 0.000 0.000 0.000 0.000 0.000 0.000 0.000 0.000 0.000 0.000 0.000 0.000 0.000 0.000 0.000 0.000 24.478 32.954 33.918 34.028 34.040 34.041 34.041 34.041 34.041 34.041 34.041 34.041 34.041 34.041 34.041 34.041 34.041 34.041 34.041 34.041 34.041 34.041 34.041 34.041 34.041 34.040 34.021 33.676 27.494 14.658 
12.773 25.931 33.118 33.936 34.029 34.040 34.041 34.041 34.041 34.041 34.041 34.041 34.041 34.041 34.041 34.041 34.041 34.041 34.041 34.041 34.041 34.041 34.041 34.041 34.041 34.041 34.041 34.039 33.998 33.284 20.724 0.000 0.000 0.000 0.000 0.000 0.000 0.000 0.000 0.000 0.000 0.000 0.000 0.000 0.000 0.000 0.000 0.000 0.000 0.000 0.000 0.000 0.000 0.000 0.000 0.000 0.000 0.000 0.000 0.000 0.000 0.000 0.000 0.000 0.000 0.000 0.000 0.000 0.000 0.000 24.477 32.953 33.917 34.027 34.040 34.041 34.041 34.041 34.041 34.041 34.041 34.041 34.041 34.041 34.041 34.041 34.041 34.041 34.041 34.041 34.041 34.041 34.041 34.041 34.041 34.040 34.020 33.669 27.371 14.530 
12.773 25.931 33.118 33.936 34.029 34.040 34.041 34.041 34.041 34.041 34.041 34.041 34.041 34.041 34.041 34.041 34.041 34.041 34.041 34.041 34.041 34.041 34.041 34.041 34.041 34.041 34.041 34.039 33.998 27.932 15.087 0.000 0.000 0.000 0.000 0.000 0.000 0.000 0.000 0.000 0.000 0.000 0.000 0.000 0.000 0.000 0.000 0.000 0.000 0.000 0.000 0.000 0.000 0.000 0.000 0.000 0.000 0.000 0.000 0.000 0.000 0.000 0.000 0.000 0.000 0.000 0.000 0.000 0.000 0.000 19.126 27.315 33.616 34.011 34.039 34.041 34.041 34.041 34.041 34.041 34.041 34.041 34.041 34.041 34.041 34.041 34.041 34.041 34.041 34.041 34.041 34.041 34.041 34.041 34.041 34.040 34.020 33.662 27.249 14.402 
12.773 25.931 33.118 33.936 34.029 34.040 34.041 34.041 34.041 34.041 34.041 34.041 34.041 34.041 34.041 34.041 34.041 34.041 34.041 34.041 34.041 34.041 34.041 34.041 34.041 34.041 34.041 34.039 33.712 27.329 0.000 0.000 0.000 0.000 0.000 0.000 0.000 0.000 0.000 0.000 0.000 0.000 0.000 0.000 0.000 0.000 0.000 0.000 0.000 0.000 0.000 0.000 0.000 0.000 0.000 0.000 0.000 0.000 0.000 0.000 0.000 0.000 0.000 0.000 0.000 0.000 0.000 0.000 0.000 0.000 0.000 31.039 33.496 33.987 34.037 34.041 34.041 34.041 34.041 34.041 34.041 34.041 34.041 34.041 34.041 34.041 34.041 34.041 34.041 34.041 34.041 34.041 34.041 34.041 34.041 34.040 34.020 33.655 27.127 14.274 
12.773 25.931 33.118 33.936 34.029 34.040 34.041 34.041 34.041 34.041 34.041 34.041 34.041 34.041 34.041 34.041 34.041 34.041 34.041 34.041 34.041 34.041 34.041 34.041 34.041 34.041 34.041 34.023 33.663 31.823 19.218 0.000 0.000 0.000 0.000 0.000 0.000 0.000 0.000 0.000 0.000 0.000 0.000 0.000 0.000 0.000 0.000 0.000 0.000 0.000 0.000 0.000 0.000 0.000 0.000 0.000 0.000 0.000 0.000 0.000 0.000 0.000 0.000 0.000 0.000 0.000 0.000 0.000 0.000 0.000 23.065 31.442 33.709 33.991 34.035 34.041 34.041 34.041 34.041 34.041 34.041 34.041 34.041 34.041 34.041 34.041 34.041 34.041 34.041 34.041 34.041 34.041 34.041 34.041 34.041 34.040 34.019 33.648 27.005 14.146 
12.773 25.931 33.118 33.936 34.029 34.040 34.041 34.041 34.041 34.041 34.041 34.041 34.041 34.041 34.041 34.041 34.041 34.041 34.041 34.041 34.041 34.041 34.041 34.041 34.041 34.041 34.040 34.020 33.900 33.102 20.555 0.000 0.000 0.000 0.000 0.000 0.000 0.000 0.000 0.000 0.000 0.000 0.000 0.000 0.000 0.000 0.000 0.000 0.000 0.000 0.000 0.000 0.000 0.000 0.000 0.000 0.000 0.000 0.000 0.000 0.000 0.000 0.000 0.000 0.000 0.000 0.000 0.000 0.000 0.000 24.321 32.777 33.814 34.008 34.036 34.041 34.041 34.041 34.041 34.041 34.041 34.041 34.041 34.041 34.041 34.041 34.041 34.041 34.041 34.041 34.041 34.041 34.041 34.041 34.041 34.040 34.019 33.641 26.882 14.018 
12.773 25.931 33.118 33.936 34.029 34.040 34.041 34.041 34.041 34.041 34.041 34.041 34.041 34.041 34.041 34.041 34.041 34.041 34.041 34.041 34.041 34.041 34.041 34.041 34.041 34.041 34.040 34.032 33.982 33.259 20.704 0.000 0.000 0.000 0.000 0.000 0.000 0.000 0.000 0.000 0.000 0.000 0.000 0.000 0.000 0.000 0.000 0.000 0.000 0.000 0.000 0.000 0.000 0.000 0.000 0.000 0.000 0.000 0.000 0.000 0.000 0.000 0.000 0.000 0.000 0.000 0.000 0.000 0.000 0.000 24.459 32.928 33.900 34.019 34.038 34.041 34.041 34.041 34.041 34.041 34.041 34.041 34.041 34.041 34.041 34.041 34.041 34.041 34.041 34.041 34.041 34.041 34.041 34.041 34.041 34.040 34.018 33.634 26.760 13.890 
12.773 25.931 33.118 33.936 34.029 34.040 34.041 34.041 34.041 34.041 34.041 34.041 34.041 34.041 34.041 34.041 34.041 34.041 34.041 34.041 34.041 34.041 34.041 34.041 34.041 34.041 34.041 34.037 33.995 33.280 20.721 0.000 0.000 0.000 0.000 0.000 0.000 0.000 0.000 0.000 0.000 0.000 0.000 0.000 0.000 0.000 0.000 0.000 0.000 0.000 0.000 0.000 0.000 0.000 0.000 0.000 0.000 0.000 0.000 0.000 0.000 0.000 0.000 0.000 0.000 0.000 0.000 0.000 0.000 0.000 24.475 32.949 33.915 34.026 34.039 34.041 34.041 34.041 34.041 34.041 34.041 34.041 34.041 34.041 34.041 34.041 34.041 34.041 34.041 34.041 34.041 34.041 34.041 34.041 34.041 34.040 34.018 33.627 26.638 13.762 
12.773 25.931 33.118 33.936 34.029 34.040 34.041 34.041 34.041 34.041 34.041 34.041 34.041 34.041 34.041 34.041 34.041 34.041 34.041 34.041 34.041 34.041 34.041 34.041 34.041 34.041 34.041 34.038 33.998 33.283 20.724 0.000 0.000 0.000 0.000 0.000 0.000 0.000 0.000 0.000 0.000 0.000 0.000 0.000 0.000 0.000 0.000 0.000 0.000 0.000 0.000 0.000 0.000 0.000 0.000 0.000 0.000 0.000 0.000 0.000 0.000 0.000 0.000 0.000 0.000 0.000 0.000 0.000 0.000 0.000 24.477 32.952 33.917 34.027 34.039 34.041 34.041 34.041 34.041 34.041 34.041 34.041 34.041 34.041 34.041 34.041 34.041 34.041 34.041 34.041 34.041 34.041 34.041 34.041 34.041 34.040 34.018 33.620 26.516 13.634 
12.773 25.931 33.118 33.936 34.029 34.040 34.041 34.041 34.041 34.041 34.041 34.041 34.041 34.041 34.041 34.041 34.041 34.041 34.041 34.041 34.041 34.041 34.041 34.041 34.041 34.041 34.041 34.039 33.998 33.283 26.075 0.000 0.000 0.000 0.000 0.000 0.000 0.000 0.000 0.000 0.000 0.000 0.000 0.000 0.000 0.000 0.000 0.000 0.000 0.000 0.000 0.000 0.000 0.000 0.000 0.000 0.000 0.000 0.000 0.000 0.000 0.000 0.000 0.000 0.000 0.000 0.000 0.000 0.000 0.000 29.828 33.239 33.933 34.028 34.040 34.041 34.041 34.041 34.041 34.041 34.041 34.041 34.041 34.041 34.041 34.041 34.041 34.041 34.041 34.041 34.041 34.041 34.041 34.041 34.041 34.040 34.017 33.613 26.393 13.506 
12.773 25.931 33.118 33.936 34.029 34.040 34.041 34.041 34.041 34.041 34.041 34.041 34.041 34.041 34.041 34.041 34.041 34.041 34.041 34.041 34.041 34.041 34.041 34.041 34.041 34.041 34.041 34.039 33.998 33.570 31.728 19.146 0.000 0.000 0.000 0.000 0.000 0.000 0.000 0.000 0.000 0.000 0.000 0.000 0.000 0.000 0.000 0.000 0.000 0.000 0.000 0.000 0.000 0.000 0.000 0.000 0.000 0.000 0.000 0.000 0.000 0.000 0.000 0.000 0.000 0.000 0.000 0.000 0.000 23.000 31.360 33.624 33.969 34.031 34.040 34.041 34.041 34.041 34.041 34.041 34.041 34.041 34.041 34.041 34.041 34.041 34.041 34.041 34.041 34.041 34.041 34.041 34.041 34.041 34.041 34.040 34.017 33.606 26.271 13.378 
12.773 25.931 33.118 33.936 34.029 34.040 34.041 34.041 34.041 34.041 34.041 34.041 34.041 34.041 34.041 34.041 34.041 34.041 34.041 34.041 34.041 34.041 34.041 34.041 34.041 34.041 34.041 34.039 34.013 33.888 33.087 25.897 0.000 0.000 0.000 0.000 0.000 0.000 0.000 0.000 0.000 0.000 0.000 0.000 0.000 0.000 0.000 0.000 0.000 0.000 0.000 0.000 0.000 0.000 0.000 0.000 0.000 0.000 0.000 0.000 0.000 0.000 0.000 0.000 0.000 0.000 0.000 0.000 0.000 29.664 33.050 33.819 34.003 34.035 34.040 34.041 34.041 34.041 34.041 34.041 34.041 34.041 34.041 34.041 34.041 34.041 34.041 34.041 34.041 34.041 34.041 34.041 34.041 34.041 34.041 34.040 34.016 33.600 26.149 13.250 
12.773 25.931 33.118 33.936 34.029 34.040 34.041 34.041 34.041 34.041 34.041 34.041 34.041 34.041 34.041 34.041 34.041 34.041 34.041 34.041 34.041 34.041 34.041 34.041 34.041 34.041 34.041 34.040 34.031 33.980 33.543 31.706 19.135 0.000 0.000 0.000 0.000 0.000 0.000 0.000 0.000 0.000 0.000 0.000 0.000 0.000 0.000 0.000 0.000 0.000 0.000 0.000 0.000 0.000 0.000 0.000 0.000 0.000 0.000 0.000 0.000 0.000 0.000 0.000 0.000 0.000 0.000 0.000 22.991 31.341 33.598 33.950 34.022 34.038 34.041 34.041 34.041 34.041 34.041 34.041 34.041 34.041 34.041 34.041 34.041 34.041 34.041 34.041 34.041 34.041 34.041 34.041 34.041 34.041 34.041 34.040 34.016 33.593 26.027 13.122 
12.773 25.931 33.118 33.936 34.029 34.040 34.041 34.041 34.041 34.041 34.041 34.041 34.041 34.041 34.041 34.041 34.041 34.041 34.041 34.041 34.041 34.041 34.041 34.041 34.041 34.041 34.041 34.041 34.037 34.010 33.885 33.084 25.895 0.000 0.000 0.000 0.000 0.000 0.000 0.000 0.000 0.000 0.000 0.000 0.000 0.000 0.000 0.000 0.000 0.000 0.000 0.000 0.000 0.000 0.000 0.000 0.000 0.000 0.000 0.000 0.000 0.000 0.000 0.000 0.000 0.000 0.000 0.000 29.662 33.047 33.815 33.999 34.033 34.039 34.041 34.041 34.041 34.041 34.041 34.041 34.041 34.041 34.041 34.041 34.041 34.041 34.041 34.041 34.041 34.041 34.041 34.041 34.041 34.041 34.041 34.040 34.016 33.586 25.904 12.994 
12.773 25.931 33.118 33.936 34.029 34.040 34.041 34.041 34.041 34.041 34.041 34.041 34.041 34.041 34.041 34.041 34.041 34.041 34.041 34.041 34.041 34.041 34.041 34.041 34.041 34.041 34.041 34.041 34.039 34.031 33.979 33.542 31.706 19.135 0.000 0.000 0.000 0.000 0.000 0.000 0.000 0.000 0.000 0.000 0.000 0.000 0.000 0.000 0.000 0.000 0.000 0.000 0.000 0.000 0.000 0.000 0.000 0.000 0.000 0.000 0.000 0.000 0.000 0.000 0.000 0.000 0.000 22.991 31.341 33.597 33.950 34.022 34.037 34.040 34.041 34.041 34.041 34.041 34.041 34.041 34.041 34.041 34.041 34.041 34.041 34.041 34.041 34.041 34.041 34.041 34.041 34.041 34.041 34.041 34.041 34.040 34.015 33.579 25.782 12.866 
12.773 25.931 33.118 33.936 34.029 34.040 34.041 34.041 34.041 34.041 34.041 34.041 34.041 34.041 34.041 34.041 34.041 34.041 34.041 34.041 34.041 34.041 34.041 34.041 34.041 34.041 34.041 34.041 34.040 34.037 34.010 33.885 33.084 25.895 0.000 0.000 0.000 0.000 0.000 0.000 0.000 0.000 0.000 0.000 0.000 0.000 0.000 0.000 0.000 0.000 0.000 0.000 0.000 0.000 0.000 0.000 0.000 0.000 0.000 0.000 0.000 0.000 0.000 0.000 0.000 0.000 0.000 29.662 33.047 33.815 33.999 34.033 34.039 34.041 34.041 34.041 34.041 34.041 34.041 34.041 34.041 34.041 34.041 34.041 34.041 34.041 34.041 34.041 34.041 34.041 34.041 34.041 34.041 34.041 34.041 34.040 34.015 33.572 25.660 12.738 
12.773 25.931 33.118 33.936 34.029 34.040 34.041 34.041 34.041 34.041 34.041 34.041 34.041 34.041 34.041 34.041 34.041 34.041 34.041 34.041 34.041 34.041 34.041 34.041 34.041 34.041 34.041 34.041 34.041 34.039 34.031 33.979 33.542 31.706 24.486 0.000 0.000 0.000 0.000 0.000 0.000 0.000 0.000 0.000 0.000 0.000 0.000 0.000 0.000 0.000 0.000 0.000 0.000 0.000 0.000 0.000 0.000 0.000 0.000 0.000 0.000 0.000 0.000 0.000 0.000 0.000 28.342 31.627 33.612 33.951 34.022 34.037 34.040 34.041 34.041 34.041 34.041 34.041 34.041 34.041 34.041 34.041 34.041 34.041 34.041 34.041 34.041 34.041 34.041 34.041 34.041 34.041 34.041 34.041 34.041 34.040 34.014 33.565 25.538 12.610 
12.773 25.931 33.118 33.936 34.029 34.040 34.041 34.041 34.041 34.041 34.041 34.041 34.041 34.041 34.041 34.041 34.041 34.041 34.041 34.041 34.041 34.041 34.041 34.041 34.041 34.041 34.041 34.041 34.041 34.040 34.037 34.010 33.885 33.370 31.547 24.402 0.000 0.000 0.000 0.000 0.000 0.000 0.000 0.000 0.000 0.000 0.000 0.000 0.000 0.000 0.000 0.000 0.000 0.000 0.000 0.000 0.000 0.000 0.000 0.000 0.000 0.000 0.000 0.000 0.000 28.272 31.477 33.447 33.852 34.002 34.033 34.039 34.041 34.041 34.041 34.041 34.041 34.041 34.041 34.041 34.041 34.041 34.041 34.041 34.041 34.041 34.041 34.041 34.041 34.041 34.041 34.041 34.041 34.041 34.041 34.040 34.014 33.558 25.415 12.482 
12.773 25.931 33.118 33.936 34.029 34.040 34.041 34.041 34.041 34.041 34.041 34.041 34.041 34.041 34.041 34.041 34.041 34.041 34.041 34.041 34.041 34.041 34.041 34.041 34.041 34.041 34.041 34.041 34.041 34.041 34.039 34.031 33.995 33.861 33.346 31.533 24.397 0.000 0.000 0.000 0.000 0.000 0.000 0.000 0.000 0.000 0.000 0.000 0.000 0.000 0.000 0.000 0.000 0.000 0.000 0.000 0.000 0.000 0.000 0.000 0.000 0.000 0.000 0.000 28.268 31.465 33.426 33.829 33.986 34.026 34.038 34.040 34.041 34.041 34.041 34.041 34.041 34.041 34.041 34.041 34.041 34.041 34.041 34.041 34.041 34.041 34.041 34.041 34.041 34.041 34.041 34.041 34.041 34.041 34.041 34.040 34.014 33.551 25.293 12.354 
12.773 25.931 33.118 33.936 34.029 34.040 34.041 34.041 34.041 34.041 34.041 34.041 34.041 34.041 34.041 34.041 34.041 34.041 34.041 34.041 34.041 34.041 34.041 34.041 34.041 34.041 34.041 34.041 34.041 34.041 34.040 34.038 34.028 33.991 33.857 33.344 31.532 24.397 0.000 0.000 0.000 0.000 0.000 0.000 0.000 0.000 0.000 0.000 0.000 0.000 0.000 0.000 0.000 0.000 0.000 0.000 0.000 0.000 0.000 0.000 0.000 0.000 0.000 28.268 31.464 33.424 33.826 33.982 34.023 34.036 34.040 34.041 34.041 34.041 34.041 34.041 34.041 34.041 34.041 34.041 34.041 34.041 34.041 34.041 34.041 34.041 34.041 34.041 34.041 34.041 34.041 34.041 34.041 34.041 34.041 34.040 34.013 33.544 25.171 12.226 
12.773 25.931 33.118 33.936 34.029 34.040 34.041 34.041 34.041 34.041 34.041 34.041 34.041 34.041 34.041 34.041 34.041 34.041 34.041 34.041 34.041 34.041 34.041 34.041 34.041 34.041 34.041 34.041 34.041 34.041 34.041 34.040 34.038 34.028 33.991 33.857 33.344 31.532 29.748 22.996 0.000 0.000 0.000 0.000 0.000 0.000 0.000 0.000 0.000 0.000 0.000 0.000 0.000 0.000 0.000 0.000 0.000 0.000 0.000 0.000 0.000 26.755 29.699 31.540 33.427 33.826 33.982 34.022 34.036 34.040 34.041 34.041 34.041 34.041 34.041 34.041 34.041 34.041 34.041 34.041 34.041 34.041 34.041 34.041 34.041 34.041 34.041 34.041 34.041 34.041 34.041 34.041 34.041 34.041 34.041 34.040 34.013 33.537 25.049 12.098 
12.773 25.931 33.118 33.936 34.029 34.040 34.041 34.041 34.041 34.041 34.041 34.041 34.041 34.041 34.041 34.041 34.041 34.041 34.041 34.041 34.041 34.041 34.041 34.041 34.041 34.041 34.041 34.041 34.041 34.041 34.041 34.041 34.040 34.038 34.028 33.991 33.857 33.630 33.064 31.347 29.663 22.991 0.000 0.000 0.000 0.000 0.000 0.000 0.000 0.000 0.000 0.000 0.000 0.000 0.000 0.000 0.000 0.000 0.000 26.755 29.618 31.361 33.142 33.594 33.839 33.983 34.022 34.036 34.039 34.041 34.041 34.041 34.041 34.041 34.041 34.041 34.041 34.041 34.041 34.041 34.041 34.041 34.041 34.041 34.041 34.041 34.041 34.041 34.041 34.041 34.041 34.041 34.041 34.041 34.041 34.040 34.013 33.530 24.927 11.970 
12.773 25.931 33.118 33.936 34.029 34.040 34.041 34.041 34.041 34.041 34.041 34.041 34.041 34.041 34.041 34.041 34.041 34.041 34.041 34.041 34.041 34.041 34.041 34.041 34.041 34.041 34.041 34.041 34.041 34.041 34.041 34.041 34.041 34.040 34.037 34.028 34.006 33.955 33.818 33.598 33.048 31.341 29.662 22.991 0.000 0.000 0.000 0.000 0.000 0.000 0.000 0.000 0.000 0.000 0.000 0.000 0.000 26.755 29.618 31.356 33.128 33.564 33.800 33.945 33.998 34.024 34.036 34.039 34.041 34.041 34.041 34.041 34.041 34.041 34.041 34.041 34.041 34.041 34.041 34.041 34.041 34.041 34.041 34.041 34.041 34.041 34.041 34.041 34.041 34.041 34.041 34.041 34.041 34.041 34.041 34.040 34.012 33.523 24.804 11.842 
12.773 25.931 33.118 33.936 34.029 34.040 34.041 34.041 34.041 34.041 34.041 34.041 34.041 34.041 34.041 34.041 34.041 34.041 34.041 34.041 34.041 34.041 34.041 34.041 34.041 34.041 34.041 34.041 34.041 34.041 34.041 34.041 34.041 34.041 34.040 34.038 34.034 34.022 34.000 33.950 33.815 33.597 33.047 31.341 29.662 28.342 28.272 28.268 28.268 22.917 0.000 26.755 28.187 28.263 28.267 28.268 29.699 31.361 33.128 33.563 33.798 33.941 33.992 34.018 34.032 34.037 34.040 34.041 34.041 34.041 34.041 34.041 34.041 34.041 34.041 34.041 34.041 34.041 34.041 34.041 34.041 34.041 34.041 34.041 34.041 34.041 34.041 34.041 34.041 34.041 34.041 34.041 34.041 34.041 34.041 34.040 34.012 33.516 24.682 11.714 
12.773 25.931 33.118 33.936 34.029 34.040 34.041 34.041 34.041 34.041 34.041 34.041 34.041 34.041 34.041 34.041 34.041 34.041 34.041 34.041 34.041 34.041 34.041 34.041 34.041 34.041 34.041 34.041 34.041 34.041 34.041 34.041 34.041 34.041 34.041 34.041 34.040 34.037 34.033 34.022 33.999 33.950 33.815 33.597 33.334 33.155 33.071 33.063 32.776 31.248 31.085 31.358 32.885 33.048 33.061 33.138 33.308 33.577 33.798 33.941 33.992 34.018 34.031 34.036 34.039 34.040 34.041 34.041 34.041 34.041 34.041 34.041 34.041 34.041 34.041 34.041 34.041 34.041 34.041 34.041 34.041 34.041 34.041 34.041 34.041 34.041 34.041 34.041 34.041 34.041 34.041 34.041 34.041 34.041 34.041 34.039 34.011 33.509 24.560 11.586 
12.773 25.931 33.118 33.936 34.029 34.040 34.041 34.041 34.041 34.041 34.041 34.041 34.041 34.041 34.041 34.041 34.041 34.041 34.041 34.041 34.041 34.041 34.041 34.041 34.041 34.041 34.041 34.041 34.041 34.041 34.041 34.041 34.041 34.041 34.041 34.041 34.041 34.040 34.039 34.037 34.033 34.021 33.999 33.965 33.928 33.898 33.882 33.861 33.762 33.651 33.569 33.652 33.762 33.859 33.878 33.892 33.921 33.958 33.994 34.018 34.031 34.036 34.039 34.040 34.041 34.041 34.041 34.041 34.041 34.041 34.041 34.041 34.041 34.041 34.041 34.041 34.041 34.041 34.041 34.041 34.041 34.041 34.041 34.041 34.041 34.041 34.041 34.041 34.041 34.041 34.041 34.041 34.041 34.041 34.041 34.039 34.011 33.502 24.438 11.457 
12.773 25.931 33.118 33.936 34.029 34.040 34.041 34.041 34.041 34.041 34.041 34.041 34.041 34.041 34.041 34.041 34.041 34.041 34.041 34.041 34.041 34.041 34.041 34.041 34.041 34.041 34.041 34.041 34.041 34.041 34.041 34.041 34.041 34.041 34.041 34.041 34.041 34.041 34.041 34.040 34.039 34.037 34.034 34.028 34.023 34.018 34.014 34.007 33.994 33.978 33.971 33.976 33.992 34.005 34.013 34.016 34.021 34.027 34.032 34.036 34.039 34.040 34.041 34.041 34.041 34.041 34.041 34.041 34.041 34.041 34.041 34.041 34.041 34.041 34.041 34.041 34.041 34.041 34.041 34.041 34.041 34.041 34.041 34.041 34.041 34.041 34.041 34.041 34.041 34.041 34.041 34.041 34.041 34.041 34.041 34.039 34.011 33.495 24.315 11.329 
12.773 25.931 33.118 33.936 34.029 34.040 34.041 34.041 34.041 34.041 34.041 34.041 34.041 34.041 34.041 34.041 34.041 34.041 34.041 34.041 34.041 34.041 34.041 34.041 34.041 34.041 34.041 34.041 34.041 34.041 34.041 34.041 34.041 34.041 34.041 34.041 34.041 34.041 34.041 34.041 34.041 34.040 34.040 34.039 34.038 34.037 34.036 34.035 34.033 34.031 34.030 34.031 34.033 34.035 34.036 34.037 34.038 34.039 34.040 34.040 34.041 34.041 34.041 34.041 34.041 34.041 34.041 34.041 34.041 34.041 34.041 34.041 34.041 34.041 34.041 34.041 34.041 34.041 34.041 34.041 34.041 34.041 34.041 34.041 34.041 34.041 34.041 34.041 34.041 34.041 34.041 34.041 34.041 34.041 34.041 34.039 34.010 33.488 24.193 11.201 
12.773 25.931 33.118 33.936 34.029 34.040 34.041 34.041 34.041 34.041 34.041 34.041 34.041 34.041 34.041 34.041 34.041 34.041 34.041 34.041 34.041 34.041 34.041 34.041 34.041 34.041 34.041 34.041 34.041 34.041 34.041 34.041 34.041 34.041 34.041 34.041 34.041 34.041 34.041 34.041 34.041 34.041 34.041 34.041 34.041 34.041 34.040 34.040 34.040 34.040 34.039 34.039 34.040 34.040 34.040 34.040 34.041 34.041 34.041 34.041 34.041 34.041 34.041 34.041 34.041 34.041 34.041 34.041 34.041 34.041 34.041 34.041 34.041 34.041 34.041 34.041 34.041 34.041 34.041 34.041 34.041 34.041 34.041 34.041 34.041 34.041 34.041 34.041 34.041 34.041 34.041 34.041 34.041 34.041 34.041 34.039 34.010 33.481 24.071 11.073 
12.773 25.931 33.118 33.936 34.029 34.040 34.041 34.041 34.041 34.041 34.041 34.041 34.041 34.041 34.041 34.041 34.041 34.041 34.041 34.041 34.041 34.041 34.041 34.041 34.041 34.041 34.041 34.041 34.041 34.041 34.041 34.041 34.041 34.041 34.041 34.041 34.041 34.041 34.041 34.041 34.041 34.041 34.041 34.041 34.041 34.041 34.041 34.041 34.041 34.041 34.041 34.041 34.041 34.041 34.041 34.041 34.041 34.041 34.041 34.041 34.041 34.041 34.041 34.041 34.041 34.041 34.041 34.041 34.041 34.041 34.041 34.041 34.041 34.041 34.041 34.041 34.041 34.041 34.041 34.041 34.041 34.041 34.041 34.041 34.041 34.041 34.041 34.041 34.041 34.041 34.041 34.041 34.041 34.041 34.041 34.039 34.009 33.474 23.949 10.945 
12.773 25.931 33.118 33.936 34.029 34.040 34.041 34.041 34.041 34.041 34.041 34.041 34.041 34.041 34.041 34.041 34.041 34.041 34.041 34.041 34.041 34.041 34.041 34.041 34.041 34.041 34.041 34.041 34.041 34.041 34.041 34.041 34.041 34.041 34.041 34.041 34.041 34.041 34.041 34.041 34.041 34.041 34.041 34.041 34.041 34.041 34.041 34.041 34.041 34.041 34.041 34.041 34.041 34.041 34.041 34.041 34.041 34.041 34.041 34.041 34.041 34.041 34.041 34.041 34.041 34.041 34.041 34.041 34.041 34.041 34.041 34.041 34.041 34.041 34.041 34.041 34.041 34.041 34.041 34.041 34.041 34.041 34.041 34.041 34.041 34.041 34.041 34.041 34.041 34.041 34.041 34.041 34.041 34.041 34.041 34.039 34.009 33.467 23.826 10.817 
12.773 25.931 33.118 33.936 34.029 34.040 34.041 34.041 34.041 34.041 34.041 34.041 34.041 34.041 34.041 34.041 34.041 34.041 34.041 34.041 34.041 34.041 34.041 34.041 34.041 34.041 34.041 34.041 34.041 34.041 34.041 34.041 34.041 34.041 34.041 34.041 34.041 34.041 34.041 34.041 34.041 34.041 34.041 34.041 34.041 34.041 34.041 34.041 34.041 34.041 34.041 34.041 34.041 34.041 34.041 34.041 34.041 34.041 34.041 34.041 34.041 34.041 34.041 34.041 34.041 34.041 34.041 34.041 34.041 34.041 34.041 34.041 34.041 34.041 34.041 34.041 34.041 34.041 34.041 34.041 34.041 34.041 34.041 34.041 34.041 34.041 34.041 34.041 34.041 34.041 34.041 34.041 34.041 34.041 34.041 34.039 34.009 33.460 23.704 10.689 
12.773 25.931 33.118 33.936 34.029 34.040 34.041 34.041 34.041 34.041 34.041 34.041 34.041 34.041 34.041 34.041 34.041 34.041 34.041 34.041 34.041 34.041 34.041 34.041 34.041 34.041 34.041 34.041 34.041 34.041 34.041 34.041 34.041 34.041 34.041 34.041 34.041 34.041 34.041 34.041 34.041 34.041 34.041 34.041 34.041 34.041 34.041 34.041 34.041 34.041 34.041 34.041 34.041 34.041 34.041 34.041 34.041 34.041 34.041 34.041 34.041 34.041 34.041 34.041 34.041 34.041 34.041 34.041 34.041 34.041 34.041 34.041 34.041 34.041 34.041 34.041 34.041 34.041 34.041 34.041 34.041 34.041 34.041 34.041 34.041 34.041 34.041 34.041 34.041 34.041 34.041 34.041 34.041 34.041 34.041 34.039 34.008 33.453 23.582 10.561 
12.773 25.931 33.118 33.936 34.029 34.040 34.041 34.041 34.041 34.041 34.041 34.041 34.041 34.041 34.041 34.041 34.041 34.041 34.041 34.041 34.041 34.041 34.041 34.041 34.041 34.041 34.041 34.041 34.041 34.041 34.041 34.041 34.041 34.041 34.041 34.041 34.041 34.041 34.041 34.041 34.041 34.041 34.041 34.041 34.041 34.041 34.041 34.041 34.041 34.041 34.041 34.041 34.041 34.041 34.041 34.041 34.041 34.041 34.041 34.041 34.041 34.041 34.041 34.041 34.041 34.041 34.041 34.041 34.041 34.041 34.041 34.041 34.041 34.041 34.041 34.041 34.041 34.041 34.041 34.041 34.041 34.041 34.041 34.041 34.041 34.041 34.041 34.041 34.041 34.041 34.041 34.041 34.041 34.041 34.041 34.039 34.008 33.446 23.460 10.433 
12.773 25.931 33.118 33.936 34.029 34.040 34.041 34.041 34.041 34.041 34.041 34.041 34.041 34.041 34.041 34.041 34.041 34.041 34.041 34.041 34.041 34.041 34.041 34.041 34.041 34.041 34.041 34.041 34.041 34.041 34.041 34.041 34.041 34.041 34.041 34.041 34.041 34.041 34.041 34.041 34.041 34.041 34.041 34.041 34.041 34.041 34.041 34.041 34.041 34.041 34.041 34.041 34.041 34.041 34.041 34.041 34.041 34.041 34.041 34.041 34.041 34.041 34.041 34.041 34.041 34.041 34.041 34.041 34.041 34.041 34.041 34.041 34.041 34.041 34.041 34.041 34.041 34.041 34.041 34.041 34.041 34.041 34.041 34.041 34.041 34.041 34.041 34.041 34.041 34.041 34.041 34.041 34.041 34.041 34.041 34.039 34.007 33.440 23.337 10.305 
12.773 25.931 33.118 33.936 34.029 34.040 34.041 34.041 34.041 34.041 34.041 34.041 34.041 34.041 34.041 34.041 34.041 34.041 34.041 34.041 34.041 34.041 34.041 34.041 34.041 34.041 34.041 34.041 34.041 34.041 34.041 34.041 34.041 34.041 34.041 34.041 34.041 34.041 34.041 34.041 34.041 34.041 34.041 34.041 34.041 34.041 34.041 34.041 34.041 34.041 34.041 34.041 34.041 34.041 34.041 34.041 34.041 34.041 34.041 34.041 34.041 34.041 34.041 34.041 34.041 34.041 34.041 34.041 34.041 34.041 34.041 34.041 34.041 34.041 34.041 34.041 34.041 34.041 34.041 34.041 34.041 34.041 34.041 34.041 34.041 34.041 34.041 34.041 34.041 34.041 34.041 34.041 34.041 34.041 34.041 34.039 34.007 33.433 23.215 10.177 
12.773 25.931 33.118 33.936 34.029 34.040 34.041 34.041 34.041 34.041 34.041 34.041 34.041 34.041 34.041 34.041 34.041 34.041 34.041 34.041 34.041 34.041 34.041 34.041 34.041 34.041 34.041 34.041 34.041 34.041 34.041 34.041 34.041 34.041 34.041 34.041 34.041 34.041 34.041 34.041 34.041 34.041 34.041 34.041 34.041 34.041 34.041 34.041 34.041 34.041 34.041 34.041 34.041 34.041 34.041 34.041 34.041 34.041 34.041 34.041 34.041 34.041 34.041 34.041 34.041 34.041 34.041 34.041 34.041 34.041 34.041 34.041 34.041 34.041 34.041 34.041 34.041 34.041 34.041 34.041 34.041 34.041 34.041 34.041 34.041 34.041 34.041 34.041 34.041 34.041 34.041 34.041 34.041 34.041 34.041 34.039 34.007 33.426 23.093 10.049 
12.773 25.931 33.118 33.936 34.029 34.040 34.041 34.041 34.041 34.041 34.041 34.041 34.041 34.041 34.041 34.041 34.041 34.041 34.041 34.041 34.041 34.041 34.041 34.041 34.041 34.041 34.041 34.041 34.041 34.041 34.041 34.041 34.041 34.041 34.041 34.041 34.041 34.041 34.041 34.041 34.041 34.041 34.041 34.041 34.041 34.041 34.041 34.041 34.041 34.041 34.041 34.041 34.041 34.041 34.041 34.041 34.041 34.041 34.041 34.041 34.041 34.041 34.041 34.041 34.041 34.041 34.041 34.041 34.041 34.041 34.041 34.041 34.041 34.041 34.041 34.041 34.041 34.041 34.041 34.041 34.041 34.041 34.041 34.041 34.041 34.041 34.041 34.041 34.041 34.041 34.041 34.041 34.041 34.041 34.041 34.039 34.006 33.419 22.971 9.921 
12.773 25.931 33.118 33.936 34.029 34.040 34.041 34.041 34.041 34.041 34.041 34.041 34.041 34.041 34.041 34.041 34.041 34.041 34.041 34.041 34.041 34.041 34.041 34.041 34.041 34.041 34.041 34.041 34.041 34.041 34.041 34.041 34.041 34.041 34.041 34.041 34.041 34.041 34.041 34.041 34.041 34.041 34.041 34.041 34.041 34.041 34.041 34.041 34.041 34.041 34.041 34.041 34.041 34.041 34.041 34.041 34.041 34.041 34.041 34.041 34.041 34.041 34.041 34.041 34.041 34.041 34.041 34.041 34.041 34.041 34.041 34.041 34.041 34.041 34.041 34.041 34.041 34.041 34.041 34.041 34.041 34.041 34.041 34.041 34.041 34.041 34.041 34.041 34.041 34.041 34.041 34.041 34.041 34.041 34.041 34.039 34.006 33.412 22.848 9.793 
12.773 25.931 33.118 33.936 34.029 34.040 34.041 34.041 34.041 34.041 34.041 34.041 34.041 34.041 34.041 34.041 34.041 34.041 34.041 34.041 34.041 34.041 34.041 34.041 34.041 34.041 34.041 34.041 34.041 34.041 34.041 34.041 34.041 34.041 34.041 34.041 34.041 34.041 34.041 34.041 34.041 34.041 34.041 34.041 34.041 34.041 34.041 34.041 34.041 34.041 34.041 34.041 34.041 34.041 34.041 34.041 34.041 34.041 34.041 34.041 34.041 34.041 34.041 34.041 34.041 34.041 34.041 34.041 34.041 34.041 34.041 34.041 34.041 34.041 34.041 34.041 34.041 34.041 34.041 34.041 34.041 34.041 34.041 34.041 34.041 34.041 34.041 34.041 34.041 34.041 34.041 34.041 34.041 34.041 34.041 34.039 34.005 33.405 22.726 9.665 
12.773 25.931 33.118 33.936 34.029 34.040 34.041 34.041 34.041 34.041 34.041 34.041 34.041 34.041 34.041 34.041 34.041 34.041 34.041 34.041 34.041 34.041 34.041 34.041 34.041 34.041 34.041 34.041 34.041 34.041 34.041 34.041 34.041 34.041 34.041 34.041 34.041 34.041 34.041 34.041 34.041 34.041 34.041 34.041 34.041 34.041 34.041 34.041 34.041 34.041 34.041 34.041 34.041 34.041 34.041 34.041 34.041 34.041 34.041 34.041 34.041 34.041 34.041 34.041 34.041 34.041 34.041 34.041 34.041 34.041 34.041 34.041 34.041 34.041 34.041 34.041 34.041 34.041 34.041 34.041 34.041 34.041 34.041 34.041 34.041 34.041 34.041 34.041 34.041 34.041 34.041 34.041 34.041 34.041 34.041 34.039 34.005 33.398 22.604 9.537 
12.773 25.931 33.118 33.936 34.029 34.040 34.041 34.041 34.041 34.041 34.041 34.041 34.041 34.041 34.041 34.041 34.041 34.041 34.041 34.041 34.041 34.041 34.041 34.041 34.041 34.041 34.041 34.041 34.041 34.041 34.041 34.041 34.041 34.041 34.041 34.041 34.041 34.041 34.041 34.041 34.041 34.041 34.041 34.041 34.041 34.041 34.041 34.041 34.041 34.041 34.041 34.041 34.041 34.041 34.041 34.041 34.041 34.041 34.041 34.041 34.041 34.041 34.041 34.041 34.041 34.041 34.041 34.041 34.041 34.041 34.041 34.041 34.041 34.041 34.041 34.041 34.041 34.041 34.041 34.041 34.041 34.041 34.041 34.041 34.041 34.041 34.041 34.041 34.041 34.041 34.041 34.041 34.041 34.041 34.041 34.039 34.005 33.391 22.482 9.409 
12.773 25.931 33.118 33.936 34.029 34.040 34.041 34.041 34.041 34.041 34.041 34.041 34.041 34.041 34.041 34.041 34.041 34.041 34.041 34.041 34.041 34.041 34.041 34.041 34.041 34.041 34.041 34.041 34.041 34.041 34.041 34.041 34.041 34.041 34.041 34.041 34.041 34.041 34.041 34.041 34.041 34.041 34.041 34.041 34.041 34.041 34.041 34.041 34.041 34.041 34.041 34.041 34.041 34.041 34.041 34.041 34.041 34.041 34.041 34.041 34.041 34.041 34.041 34.041 34.041 34.041 34.041 34.041 34.041 34.041 34.041 34.041 34.041 34.041 34.041 34.041 34.041 34.041 34.041 34.041 34.041 34.041 34.041 34.041 34.041 34.041 34.041 34.041 34.041 34.041 34.041 34.041 34.041 34.041 34.041 34.039 34.004 33.384 22.360 9.281 
12.773 25.931 33.118 33.936 34.029 34.040 34.041 34.041 34.041 34.041 34.041 34.041 34.041 34.041 34.041 34.041 34.041 34.041 34.041 34.041 34.041 34.041 34.041 34.041 34.041 34.041 34.041 34.041 34.041 34.041 34.041 34.041 34.041 34.041 34.041 34.041 34.041 34.041 34.041 34.041 34.041 34.041 34.041 34.041 34.041 34.041 34.041 34.041 34.041 34.041 34.041 34.041 34.041 34.041 34.041 34.041 34.041 34.041 34.041 34.041 34.041 34.041 34.041 34.041 34.041 34.041 34.041 34.041 34.041 34.041 34.041 34.041 34.041 34.041 34.041 34.041 34.041 34.041 34.041 34.041 34.041 34.041 34.041 34.041 34.041 34.041 34.041 34.041 34.041 34.041 34.041 34.041 34.041 34.041 34.041 34.039 34.004 33.377 22.237 9.153 
12.773 25.931 33.118 33.936 34.029 34.040 34.041 34.041 34.041 34.041 34.041 34.041 34.041 34.041 34.041 34.041 34.041 34.041 34.041 34.041 34.041 34.041 34.041 34.041 34.041 34.041 34.041 34.041 34.041 34.041 34.041 34.041 34.041 34.041 34.041 34.041 34.041 34.041 34.041 34.041 34.041 34.041 34.041 34.041 34.041 34.041 34.041 34.041 34.041 34.041 34.041 34.041 34.041 34.041 34.041 34.041 34.041 34.041 34.041 34.041 34.041 34.041 34.041 34.041 34.041 34.041 34.041 34.041 34.041 34.041 34.041 34.041 34.041 34.041 34.041 34.041 34.041 34.041 34.041 34.041 34.041 34.041 34.041 34.041 34.041 34.041 34.041 34.041 34.041 34.041 34.041 34.041 34.041 34.041 34.041 34.039 34.003 33.370 22.115 9.025 
12.773 25.931 33.118 33.936 34.029 34.040 34.041 34.041 34.041 34.041 34.041 34.041 34.041 34.041 34.041 34.041 34.041 34.041 34.041 34.041 34.041 34.041 34.041 34.041 34.041 34.041 34.041 34.041 34.041 34.041 34.041 34.041 34.041 34.041 34.041 34.041 34.041 34.041 34.041 34.041 34.041 34.041 34.041 34.041 34.041 34.041 34.041 34.041 34.041 34.041 34.041 34.041 34.041 34.041 34.041 34.041 34.041 34.041 34.041 34.041 34.041 34.041 34.041 34.041 34.041 34.041 34.041 34.041 34.041 34.041 34.041 34.041 34.041 34.041 34.041 34.041 34.041 34.041 34.041 34.041 34.041 34.041 34.041 34.041 34.041 34.041 34.041 34.041 34.041 34.041 34.041 34.041 34.041 34.041 34.041 34.039 34.003 33.363 21.993 8.897 
12.773 25.931 33.118 33.936 34.029 34.040 34.041 34.041 34.041 34.041 34.041 34.041 34.041 34.041 34.041 34.041 34.041 34.041 34.041 34.041 34.041 34.041 34.041 34.041 34.041 34.041 34.041 34.041 34.041 34.041 34.041 34.041 34.041 34.041 34.041 34.041 34.041 34.041 34.041 34.041 34.041 34.041 34.041 34.041 34.041 34.041 34.041 34.041 34.041 34.041 34.041 34.041 34.041 34.041 34.041 34.041 34.041 34.041 34.041 34.041 34.041 34.041 34.041 34.041 34.041 34.041 34.041 34.041 34.041 34.041 34.041 34.041 34.041 34.041 34.041 34.041 34.041 34.041 34.041 34.041 34.041 34.041 34.041 34.041 34.041 34.041 34.041 34.041 34.041 34.041 34.041 34.041 34.041 34.041 34.041 34.039 34.003 33.356 21.871 8.769 
12.773 25.931 33.118 33.936 34.029 34.040 34.041 34.041 34.041 34.041 34.041 34.041 34.041 34.041 34.041 34.041 34.041 34.041 34.041 34.041 34.041 34.041 34.041 34.041 34.041 34.041 34.041 34.041 34.041 34.041 34.041 34.041 34.041 34.041 34.041 34.041 34.041 34.041 34.041 34.041 34.041 34.041 34.041 34.041 34.041 34.041 34.041 34.041 34.041 34.041 34.041 34.041 34.041 34.041 34.041 34.041 34.041 34.041 34.041 34.041 34.041 34.041 34.041 34.041 34.041 34.041 34.041 34.041 34.041 34.041 34.041 34.041 34.041 34.041 34.041 34.041 34.041 34.041 34.041 34.041 34.041 34.041 34.041 34.041 34.041 34.041 34.041 34.041 34.041 34.041 34.041 34.041 34.041 34.041 34.041 34.039 34.002 33.349 21.748 8.641 
12.773 25.931 33.118 33.936 34.029 34.040 34.041 34.041 34.041 34.041 34.041 34.041 34.041 34.041 34.041 34.041 34.041 34.041 34.041 34.041 34.041 34.041 34.041 34.041 34.041 34.041 34.041 34.041 34.041 34.041 34.041 34.041 34.041 34.041 34.041 34.041 34.041 34.041 34.041 34.041 34.041 34.041 34.041 34.041 34.041 34.041 34.041 34.041 34.041 34.041 34.041 34.041 34.041 34.041 34.041 34.041 34.041 34.041 34.041 34.041 34.041 34.041 34.041 34.041 34.041 34.041 34.041 34.041 34.041 34.041 34.041 34.041 34.041 34.041 34.041 34.041 34.041 34.041 34.041 34.041 34.041 34.041 34.041 34.041 34.041 34.041 34.041 34.041 34.041 34.041 34.041 34.041 34.041 34.041 34.041 34.039 34.002 33.342 21.626 8.513 
12.773 25.931 33.118 33.936 34.029 34.040 34.041 34.041 34.041 34.041 34.041 34.041 34.041 34.041 34.041 34.041 34.041 34.041 34.041 34.041 34.041 34.041 34.041 34.041 34.041 34.041 34.041 34.041 34.041 34.041 34.041 34.041 34.041 34.041 34.041 34.041 34.041 34.041 34.041 34.041 34.041 34.041 34.041 34.041 34.041 34.041 34.041 34.041 34.041 34.041 34.041 34.041 34.041 34.041 34.041 34.041 34.041 34.041 34.041 34.041 34.041 34.041 34.041 34.041 34.041 34.041 34.041 34.041 34.041 34.041 34.041 34.041 34.041 34.041 34.041 34.041 34.041 34.041 34.041 34.041 34.041 34.041 34.041 34.041 34.041 34.041 34.041 34.041 34.041 34.041 34.041 34.041 34.041 34.041 34.041 34.039 34.001 33.335 21.504 8.385 
12.773 25.931 33.118 33.936 34.029 34.040 34.041 34.041 34.041 34.041 34.041 34.041 34.041 34.041 34.041 34.041 34.041 34.041 34.041 34.041 34.041 34.041 34.041 34.041 34.041 34.041 34.041 34.041 34.041 34.041 34.041 34.041 34.041 34.041 34.041 34.041 34.041 34.041 34.041 34.041 34.041 34.041 34.041 34.041 34.041 34.041 34.041 34.041 34.041 34.041 34.041 34.041 34.041 34.041 34.041 34.041 34.041 34.041 34.041 34.041 34.041 34.041 34.041 34.041 34.041 34.041 34.041 34.041 34.041 34.041 34.041 34.041 34.041 34.041 34.041 34.041 34.041 34.041 34.041 34.041 34.041 34.041 34.041 34.041 34.041 34.041 34.041 34.041 34.041 34.041 34.041 34.041 34.041 34.041 34.041 34.039 34.001 33.328 21.382 8.257 
7.422 14.942 16.477 16.993 17.070 17.079 17.080 17.081 17.081 17.081 17.081 17.081 17.081 17.081 17.081 17.081 17.081 17.081 17.081 17.081 17.081 17.081 17.081 17.081 17.081 17.081 17.081 17.081 17.081 17.081 17.081 17.081 17.081 17.081 17.081 17.081 17.081 17.081 17.081 17.081 17.081 17.081 17.081 17.081 17.081 17.081 17.081 17.081 17.081 17.081 17.081 17.081 17.081 17.081 17.081 17.081 17.081 17.081 17.081 17.081 17.081 17.081 17.081 17.081 17.081 17.081 17.081 17.081 17.081 17.081 17.081 17.081 17.081 17.081 17.081 17.081 17.081 17.081 17.081 17.081 17.081 17.081 17.081 17.081 17.081 17.081 17.081 17.081 17.081 17.081 17.081 17.081 17.081 17.081 17.080 17.078 17.040 16.361 9.650 2.156 
1.197 2.142 2.705 2.849 2.889 2.896 2.897 2.897 2.897 2.897 2.897 2.897 2.897 2.897 2.897 2.897 2.897 2.897 2.897 2.897 2.897 2.897 2.897 2.897 2.897 2.897 2.897 2.897 2.897 2.897 2.897 2.897 2.897 2.897 2.897 2.897 2.897 2.897 2.897 2.897 2.897 2.897 2.897 2.897 2.897 2.897 2.897 2.897 2.897 2.897 2.897 2.897 2.897 2.897 2.897 2.897 2.897 2.897 2.897 2.897 2.897 2.897 2.897 2.897 2.897 2.897 2.897 2.897 2.897 2.897 2.897 2.897 2.897 2.897 2.897 2.897 2.897 2.897 2.897 2.897 2.897 2.897 2.897 2.897 2.897 2.897 2.897 2.897 2.897 2.897 2.897 2.897 2.897 2.897 2.897 2.895 2.856 2.456 1.639 0.719 
