2153.3 5.5 45.4 35.5 56 47.3 46.2 2.5 41.4 91.3 65.3 85.5 69.7 61.7 46.6 2.9 45 42.5 70.4 86.6 78.5 75.6 75.6 57.6 90.3 14.4 88.7 3.1 95 60.3 46.2 77.8 65.8 26.8 48.5 21.8 74.2 94.8 59.6 15.6 35.7 
21.3 1775.5 36.4 91 21.8 83 29.1 2.1 25.5 34.8 23.9 4 10.4 99.5 96.8 35.9 49.1 20.7 39 79.4 81 20.5 57.2 46.9 47.3 40.9 3.9 21.5 70.9 98.7 72.4 92.3 58.9 8.8 18.5 15.9 27 47.7 53.2 52.5 63.1 
82.5 77.2 1767.8 92.9 11.9 23.8 28.8 96.3 44.6 3.1 75.7 25.6 23.6 68.1 7.7 70.9 9 11.7 27.7 80 10.4 35.3 7.5 4.5 79.3 26 55.7 6.3 73.7 8.9 94 91.4 21.3 21 84.3 68.5 44.9 48.4 64.8 24.7 81.5 
86.7 75.7 85.5 2230.4 79 93.3 16.4 23.2 40.2 44.1 38.4 50.6 14.6 45.9 90.4 93.9 7.2 46.1 35.4 80.9 90.2 29.5 7.6 11.6 85.7 91.9 15.3 65.8 75.5 80.1 90.5 62.2 91 76.1 7.7 70 69.4 24.2 93.2 9.6 33.6 
3.5 31.7 95.4 18.2 1923.2 21 47.3 20 2.3 82.8 36.2 92.6 47.5 43.8 39.4 33.2 70.9 54.7 99.1 81.7 70 89.6 79.1 61 0.9 86.9 66.2 5.5 46.3 59.4 50.3 49.8 26.3 81 3.2 39.2 2 50.6 94.4 4.4 34.9 
68.6 30.6 32.2 16.1 74.4 2230 84.5 80.6 26.3 83.6 62.3 31.5 8.5 41.4 92.5 44.6 63.5 93.9 50.2 9.8 88.5 35.7 94.9 14.9 16.7 98.1 89.3 54 83.9 83.7 58.4 87.7 49.6 25.8 39 59.2 97.4 23.6 39.8 58.9 72.5 
42.4 2.1 90.4 50.9 78.8 18.1 1663 42.3 12 81 87.4 0.5 16.7 82.3 15.4 68.7 15.6 39.9 22.7 34.8 58.9 16.3 22.5 8.5 42.1 61.6 67.7 39.5 20.4 7.6 98.4 62.8 44.9 24 49 23.7 42.1 79.8 1.3 54.1 82 
60.8 88.7 54.6 12.7 6.2 5.3 81.4 1820.5 45.2 4.1 56.6 4.1 20.4 14.4 12.6 97.7 11.2 15.6 37.2 31.6 23.2 70.8 29.6 3.3 94.8 78.6 62.3 36.9 58.4 98.8 26.2 54.4 87.5 80.9 67.2 28.9 21.4 83.8 50.7 66.6 69.9 
23.2 42.6 6 43.6 92.2 53.8 76.6 38.6 1712.4 13.8 5.4 27.8 19.9 35 66.4 49.9 13.7 28.7 22.1 7.3 27.5 48.3 61.8 50.2 29.2 64.2 14.3 85.8 48 65 52.5 71.2 42.8 93.7 50.1 70.2 47.5 26.7 8.8 52.2 4.5 
75.7 14.2 15.2 95.6 84.5 81.6 45.6 33.4 45.5 2109.5 40.7 73 51.2 37.7 58.4 15.7 1.9 72.7 1.5 85.2 73 54 91.6 51 82.9 41.7 56.5 65.7 3.6 65.3 17.9 79.4 14.8 68.3 10.2 99.3 50 91 32.7 95.5 18.1 
93.9 8.6 3.8 45.2 81.6 97.4 60.9 18.7 5.4 62.4 2065.7 13.6 51.7 30.8 64.6 69.8 7.7 21.1 35.5 11.4 21.7 88.6 26 71.7 57 71.4 71 7 97.7 38.9 37.7 91.6 82.7 76.7 72 64.3 74.2 32.9 83.1 79.6 47.1 
30.6 22.2 93.2 17.5 88.2 93 87.3 96 49.4 58.1 42.6 1998.6 46.7 68.6 78 3.7 75.2 49 45.9 72.9 23.1 18.9 99.8 5.8 95.6 71.8 5.4 5 40 23.7 19.8 70.6 81.1 48.2 23.3 69.4 41.3 10.6 65.4 25.9 8.2 
68.7 43.2 32.2 50.7 47 10.2 54.4 22.2 59.2 35.6 30.4 17.5 1845.8 30.2 58.5 85.3 2 99.1 90.4 42 22.8 10.2 47.8 4 58.5 71.1 8.6 99.8 17 9.2 60.9 20.9 52.4 93.1 71.6 99.4 3.3 61.3 21.6 97.7 98.2 
96.9 52 15.2 86.6 82.2 8.9 71.9 19.5 8.1 62.3 61.5 30.9 72.6 1942.5 70.1 66.3 15.7 13.9 1.3 32.7 23.1 62.2 53.7 75.5 55.3 25.3 74.9 58.6 86.6 31.8 91.5 18.7 19 41.9 5.3 36.5 50.8 77.3 56 94.1 86.2 
74.8 52.7 60.3 47.4 97.3 30.4 13.7 13.1 79.6 50.2 45.8 2.7 12.4 34.7 1824.6 67.7 60.1 88.4 61.5 81.9 55.4 88.2 35.9 74.5 30.1 41.2 11 16.2 53.7 2.2 10.3 28.6 54.9 70.6 11.2 52.3 36.3 60.2 65.4 15.9 86.4 
10.4 46.4 53.8 22.9 81.2 67.3 25.8 76.5 91 22.6 93.6 46.4 10.8 29.5 56.1 2077 6 67.1 92.4 59.7 4.5 2.7 23.5 59.5 8.6 70 47 80.1 30.2 47.6 31.2 75.8 94 85 33.9 75.2 87.6 95 51.7 78.6 71.7 
17.6 80.6 25 28.4 10.1 81.2 4.6 16.1 83.5 97 11.1 88.1 35 34.6 82.8 78.8 2014.8 29.8 94.1 70 77.4 25.3 81.1 6.6 45.5 50.2 17.1 33.1 45.2 4 11.7 62.8 84.6 72 26.5 94.8 88.4 66.3 46.1 71.9 43.4 
98.6 57.2 95.2 33.6 27.1 13.2 47.6 66.9 78.2 41.7 72.2 90.8 67 88.5 97.5 47.7 38.7 2120.7 80.9 84 18.6 27.8 82 38.5 35 8.5 33.3 23.4 10.1 79.4 30.6 8.7 71.9 61 42.3 99 74.3 25.1 1.1 87.7 21.3 
66.8 73.3 13.8 69 61.8 11.3 51.9 0.6 61.1 68 19.8 14.9 95.9 37 53.4 30.9 80.8 21.9 1801.3 90.9 36.6 20.2 99.6 8.5 81.2 77.1 42.7 90.7 2.2 43.8 13.7 4.2 17.2 27.5 8.4 14.2 74 60.3 50 70.3 68.7 
28.4 5 85.2 59.5 42.1 73.9 25.6 22.9 31 15.2 13.8 67.6 35.4 48.6 11.3 51.9 25.7 54 77.8 1938.6 97.9 91.5 2.5 50.3 54.2 10.9 99.7 28.2 6.4 49.8 98.5 70 54.8 19 64.7 96.9 28.1 90.4 55 59.1 8.7 
5.6 4 26.8 76.3 52.6 38.1 63.4 78.3 27.4 41.2 76.6 60.5 68 79.1 10.8 22.2 90 10.5 50.5 31.7 1836.9 84.2 36.9 85.6 3.2 1.7 17.7 31.3 92.1 72.8 25.7 32.9 76.8 87.7 9.2 29.5 61 7.8 43 88.4 32.4 
49.1 19.7 48.9 52.3 98.8 94.9 74.5 24.1 40.7 60.2 91 36.2 79.7 27.9 21.8 18.1 29.6 39.6 84.7 56.9 47.6 2068.4 89.9 24.4 98.1 34.3 89.1 59.1 42.2 67.4 82.8 26.5 87.1 31.7 14 21.1 61.9 23.7 80.4 2.6 90.4 
84 71.4 38.8 98.9 34.6 95.9 17 99.4 35.5 1.7 56.4 83.1 12.1 81.5 42.7 45.4 51 31.9 39.8 28.4 99.3 22.6 2123.4 21.6 89.5 68.9 77.9 51.4 92.7 93.6 54 11.9 65 28.1 46 34.8 24 63 34.3 59.5 33.7 
0 25.9 77.8 12.1 42.6 20.5 92.8 93.6 87.6 32.6 57.3 22.1 55.2 47.4 78.9 44.7 51.6 56.9 31.4 44.3 50.5 85.4 91.4 1997.5 13.5 72.6 20.8 37.5 35.6 90.3 32.2 35.6 16.2 10 83 94 65.8 75.8 22.8 53.4 64.6 
43.6 80.1 10.8 98.8 27.6 89.7 78.7 79.2 81.8 10.1 58.7 67.5 95.6 85.3 53.5 44.3 57.9 74.3 17.1 28.7 64.6 49.3 99.6 16 2242.3 17.8 45.2 60.4 28.8 68 49 72.4 83.4 59.8 71.2 11 49.6 85.1 25.4 66.6 3.6 
95.3 19.3 34.2 26.1 39.8 87.7 5.6 32.9 97.2 22.7 96.8 61.8 72.1 96.4 13 1.9 14.2 58.2 62.3 78.2 26.2 11.3 50.6 44.8 71.2 1944.7 91 56 42.2 16.4 57.8 72.7 70.9 92 34 10.7 14.9 39.6 78.8 12.1 75.4 
97.6 75.7 9.1 4.9 7.3 22.1 6.8 21.6 15.5 69.1 35 41.8 15.6 85.7 86.6 22 42.7 12.9 78 20.1 29.3 35.9 28 35.5 63.1 62 1799.5 78.1 36.9 60.3 25.4 34.5 71.2 34.6 74.6 78.5 56.7 81.4 35.3 72.3 48.5 
85.7 70.4 49.3 1.3 56.1 71.1 23.4 34 84 36.6 89.4 48.6 7.7 17.4 19.3 70.9 14.7 0.7 84.2 51.6 96.2 9.6 21.3 67.4 44.2 31.1 46 1890.4 12.5 81.3 43.7 33.4 86.9 28.2 34.7 78.2 99.3 93.3 12.3 18.6 67.2 
30 1.7 2.4 72.9 54.3 21.7 79 69 57.6 63.2 55.8 53.9 72.9 12.3 56.5 52.3 43.4 2.5 23.7 91.1 19.1 67.4 24.5 41.2 95.6 59.3 19.5 30.2 1752.6 31.8 48.8 53 68.7 51.2 26 58.2 8.1 5 27.3 65.7 54 
68.3 83.1 19.6 76.4 30.7 76.2 63.9 74.1 13.9 87.7 65.3 68.2 55.1 89.8 9.5 50.8 84.3 29 16.2 72.2 96 65 25.2 99.9 51.4 51.2 58.1 59.5 91.5 2224.3 60.4 59.8 3.8 15.3 71.4 34.5 91.5 35.3 43.8 40.6 20.9 
23 9.1 44.1 78.2 34.2 88.8 64.2 53.7 17.8 80.4 25.9 49 80.6 86.4 48.9 67.2 72.8 7 61.9 64.3 27.7 22.3 59.3 66.7 37.6 30.7 36.4 64.3 1.3 80.2 1968.7 24.3 24.6 84.3 37.7 94 73.1 37.1 47.7 26.1 3.5 
17.5 73.7 10.3 33.3 95.3 59.2 0.5 3.3 1.4 62.4 67.7 64.3 20 62.2 31 57.6 28.2 2.6 57.2 29.5 82.9 97.4 89 42.7 16.9 26.8 36.7 25.2 63.9 84.4 51.3 1920.5 93.3 61.6 50 23.8 56 85.8 27.2 92.6 25 
83.4 94.9 57 3.4 92.3 23.2 96.3 20.5 25.9 53.5 50 44 86.1 39.1 86.7 3 1.1 23.4 28.2 0.2 43 14.7 16.9 36.4 11.5 2.2 60.2 2.7 23.2 22.6 95.3 6.6 1510.3 52.3 10.1 45.1 10.8 6.4 65.6 36.7 84 
95.1 50.9 80.7 81.2 25.2 2.6 19.4 61.5 61.2 82.8 61.7 4.2 97.5 13.9 75.8 44.2 16.1 71.3 46.9 39.3 93.9 77.4 45.9 46.7 29.8 91.2 91.8 75.8 32.8 92.6 12.5 27.9 78.7 2170.4 44.3 39.1 31 98.9 0.6 92.2 85 
81.7 62.4 31.6 14.4 76.3 7.5 58.6 27.6 78.8 40.7 2.1 7.9 18.2 48 54.6 83.2 74.5 81.6 59 7.3 9.5 6.7 70.5 88.2 70.3 50 27.4 1.3 49 63.2 28.7 30.7 60.8 60.3 1764.4 37.1 3 39 99.9 17 58.6 
15 2 25 33.2 85.3 79.6 51.6 95 96.5 45.8 2.3 6 52.5 8 29.4 22.8 58.1 56.8 59.3 7.1 55.3 23.2 73 16.1 83.5 53.4 88.5 21.8 27.7 88.4 38.8 42.7 25.7 63.8 11.1 1873.1 78.7 97.9 41.2 75.2 54.1 
43.7 43.5 16.4 31.4 86.8 45.8 89.4 44.9 37.9 48.7 87.2 93.2 7.1 95.4 9.3 25.8 84.1 97.8 47.6 11.8 21.5 86.5 89.7 47.2 85.5 36 93.4 64.2 33.9 34.6 74.6 12.8 13.3 91 44.2 0.1 2106.3 68.8 80.2 45.2 57.5 
52.7 2.6 73.6 59.8 33.3 82.9 85.6 17.4 16 33.3 29.2 72.7 55 54.1 55.1 40.5 90.1 83.7 4.8 59.2 18.3 14.6 7.2 66.8 40.9 86.6 2.2 13 55.4 17.6 93.4 8.1 20.3 67 3.1 53.6 85.1 1797.9 71 36.3 40.7 
57.2 35.4 9 47.4 24.7 99.3 88 14.8 83 28 9.2 1.3 77.8 51.6 3.4 18.7 38.2 5.6 66.9 28.8 23.2 60.3 36.9 78.7 27.3 75.2 67.5 12.5 99.1 38.5 48.8 56.4 9.1 93.1 39 33.8 92.4 27 1818.4 75.5 59.2 
90.2 28.2 12 68.1 79.8 15.4 22 18 21 89 46.8 79.5 49.3 18.9 58.2 11.9 29.3 25.8 24.4 28.5 99.5 8.4 20.1 8.7 36.7 59.1 77.7 29.2 21.4 96.8 4.7 46.8 25 51.9 50.1 40.1 67.4 72.2 58.1 1726 97.2 
