TOP:
1.070 2.198 2.793 2.825 2.827 2.827 2.827 2.827 2.767 1.694 
OTHER:
1.070 2.198 2.793 2.825 2.827 2.827 2.827 2.827 2.767 1.694 
1.245 2.531 3.229 3.300 3.306 3.306 3.306 3.303 3.064 1.830 
1.272 2.583 3.299 3.378 3.387 3.387 3.387 3.374 2.997 1.730 
1.277 2.592 3.310 3.391 2.865 2.837 2.835 3.349 2.872 1.596 
1.277 2.593 3.311 2.829 1.708 0.000 2.088 2.737 2.705 1.454 
1.277 2.593 3.282 2.736 0.000 0.000 0.000 3.078 2.555 1.311 
1.277 2.591 3.275 3.173 2.457 0.000 2.840 3.129 2.442 1.170 
1.277 2.591 3.298 3.328 3.155 3.128 3.162 3.295 2.321 1.031 
0.742 1.493 1.643 1.682 1.674 1.665 1.672 1.629 1.037 0.294 
0.120 0.214 0.269 0.282 0.284 0.283 0.281 0.247 0.172 0.080 
