------Сторона XZ сверху-------
0.585 0.868 0.786 0.501 0.328 0.341 0.487 0.514 0.337 
0.837 1.101 0.893 0.471 0.311 0.325 0.551 0.652 0.484 
0.744 0.879 0.611 0.214 0.125 0.138 0.375 0.521 0.431 
0.482 0.479 0.213 0.000 0.000 0.000 0.128 0.281 0.279 
0.384 0.381 0.160 0.000 0.000 0.000 0.094 0.225 0.225 
0.475 0.471 0.214 0.000 0.000 0.000 0.130 0.280 0.278 
0.660 0.782 0.547 0.195 0.115 0.127 0.343 0.473 0.389 
0.661 0.873 0.712 0.380 0.254 0.268 0.451 0.530 0.392 
0.409 0.610 0.556 0.358 0.239 0.250 0.355 0.373 0.244 
-------------
0.362 0.344 0.135 0.000 0.000 0.000 0.125 0.287 0.275 
0.675 0.642 0.255 0.000 0.000 0.000 0.234 0.536 0.512 
0.915 0.871 0.347 0.000 0.000 0.000 0.319 0.726 0.692 
1.064 1.013 0.403 0.000 0.000 0.000 0.370 0.842 0.801 
1.111 1.056 0.420 0.000 0.000 0.000 0.386 0.875 0.831 
1.050 0.996 0.396 0.000 0.000 0.000 0.364 0.822 0.780 
0.887 0.840 0.334 0.000 0.000 0.000 0.307 0.691 0.653 
0.637 0.602 0.240 0.000 0.000 0.000 0.221 0.494 0.466 
0.328 0.311 0.125 0.000 0.000 0.000 0.115 0.254 0.239 
-------------
0.422 0.419 0.173 0.000 0.000 0.000 0.101 0.244 0.244 
0.791 0.785 0.326 0.000 0.000 0.000 0.190 0.458 0.458 
1.072 1.064 0.443 0.000 0.000 0.000 0.259 0.621 0.621 
1.245 1.235 0.514 0.000 0.000 0.000 0.301 0.722 0.722 
1.295 1.285 0.535 0.000 0.000 0.000 0.314 0.753 0.753 
1.221 1.211 0.505 0.000 0.000 0.000 0.296 0.710 0.710 
1.029 1.021 0.426 0.000 0.000 0.000 0.250 0.600 0.600 
0.740 0.734 0.307 0.000 0.000 0.000 0.180 0.432 0.432 
0.384 0.381 0.160 0.000 0.000 0.000 0.094 0.225 0.225 
-------------
0.369 0.533 0.476 0.309 0.244 0.306 0.431 0.438 0.274 
0.689 0.995 0.890 0.578 0.458 0.571 0.806 0.818 0.512 
0.934 1.349 1.206 0.783 0.621 0.774 1.092 1.108 0.694 
1.086 1.568 1.401 0.909 0.722 0.900 1.268 1.287 0.805 
1.133 1.635 1.459 0.946 0.753 0.937 1.321 1.339 0.836 
1.071 1.543 1.375 0.892 0.710 0.885 1.245 1.260 0.786 
0.905 1.302 1.159 0.752 0.600 0.747 1.049 1.060 0.660 
0.651 0.936 0.832 0.540 0.432 0.537 0.753 0.760 0.472 
0.337 0.484 0.431 0.279 0.225 0.278 0.389 0.392 0.244 
-------------
0.645 0.930 0.831 0.539 0.422 0.528 0.739 0.746 0.465 
1.203 1.735 1.551 1.006 0.791 0.984 1.379 1.391 0.868 
1.629 2.349 2.100 1.362 1.072 1.333 1.867 1.883 1.174 
1.892 2.727 2.435 1.580 1.245 1.546 2.165 2.183 1.360 
1.972 2.839 2.533 1.642 1.295 1.609 2.252 2.268 1.411 
1.863 2.678 2.386 1.546 1.221 1.516 2.120 2.132 1.325 
1.573 2.257 2.008 1.301 1.029 1.278 1.784 1.791 1.111 
1.131 1.620 1.440 0.933 0.740 0.917 1.278 1.282 0.794 
0.585 0.837 0.744 0.482 0.384 0.475 0.660 0.661 0.409 
