------Сторона XZ сверху-------
20.000 0.000 0.000 0.000 0.000 0.000 0.000 0.000 0.000 10.000 
20.000 0.000 0.000 0.000 0.000 0.000 0.000 0.000 0.000 10.000 
20.000 0.000 0.000 0.000 0.000 0.000 0.000 0.000 0.000 10.000 
20.000 0.000 0.000 0.000 0.000 0.000 0.000 0.000 0.000 10.000 
20.000 0.000 0.000 0.000 0.000 0.000 0.000 0.000 0.000 10.000 
20.000 0.000 0.000 0.000 0.000 0.000 0.000 0.000 0.000 10.000 
20.000 0.000 0.000 0.000 0.000 0.000 0.000 0.000 0.000 10.000 
20.000 0.000 0.000 0.000 0.000 0.000 0.000 0.000 0.000 10.000 
20.000 0.000 0.000 0.000 0.000 0.000 0.000 0.000 0.000 10.000 
20.000 0.000 0.000 0.000 0.000 0.000 0.000 0.000 0.000 10.000 
-------Сторона XY в разрезе------
0.000 0.000 0.000 0.000 0.000 0.000 0.000 0.000 0.000 0.000 
0.000 0.000 0.000 0.000 0.000 0.000 0.000 0.000 0.000 0.000 
0.000 0.000 0.000 0.000 0.000 0.000 0.000 0.000 0.000 0.000 
0.000 0.000 0.000 0.000 0.000 0.000 0.000 0.000 0.000 0.000 
0.000 0.000 0.000 0.000 0.000 0.000 0.000 0.000 0.000 0.000 
0.000 0.000 0.000 0.000 0.000 0.000 0.000 0.000 0.000 0.000 
0.000 0.000 0.000 0.000 0.000 0.000 0.000 0.000 0.000 0.000 
0.000 0.000 0.000 0.000 0.000 0.000 0.000 0.000 0.000 0.000 
0.000 0.000 0.000 0.000 0.000 0.000 0.000 0.000 0.000 0.000 
0.000 0.000 0.000 0.000 0.000 0.000 0.000 0.000 0.000 0.000 
-------Сторона XZ при в разрезе------
20.000 0.000 0.000 0.000 0.000 0.000 0.000 0.000 0.000 10.000 
20.000 0.000 0.000 0.000 0.000 0.000 0.000 0.000 0.000 10.000 
20.000 0.000 0.000 0.000 0.000 0.000 0.000 0.000 0.000 10.000 
20.000 0.000 0.000 0.000 0.000 0.000 0.000 0.000 0.000 10.000 
20.000 0.000 0.000 0.000 0.000 0.000 0.000 0.000 0.000 10.000 
20.000 0.000 0.000 0.000 0.000 0.000 0.000 0.000 0.000 10.000 
20.000 0.000 0.000 0.000 0.000 0.000 0.000 0.000 0.000 10.000 
20.000 0.000 0.000 0.000 0.000 0.000 0.000 0.000 0.000 10.000 
20.000 0.000 0.000 0.000 0.000 0.000 0.000 0.000 0.000 10.000 
20.000 0.000 0.000 0.000 0.000 0.000 0.000 0.000 0.000 10.000 
-------Сторона YZ при Z=0------
10.000 10.000 10.000 10.000 10.000 10.000 10.000 10.000 10.000 10.000 
10.000 10.000 10.000 10.000 10.000 10.000 10.000 10.000 10.000 10.000 
10.000 10.000 10.000 10.000 10.000 10.000 10.000 10.000 10.000 10.000 
10.000 10.000 10.000 10.000 10.000 10.000 10.000 10.000 10.000 10.000 
10.000 10.000 10.000 10.000 10.000 10.000 10.000 10.000 10.000 10.000 
10.000 10.000 10.000 10.000 10.000 10.000 10.000 10.000 10.000 10.000 
10.000 10.000 10.000 10.000 10.000 10.000 10.000 10.000 10.000 10.000 
10.000 10.000 10.000 10.000 10.000 10.000 10.000 10.000 10.000 10.000 
10.000 10.000 10.000 10.000 10.000 10.000 10.000 10.000 10.000 10.000 
10.000 10.000 10.000 10.000 10.000 10.000 10.000 10.000 10.000 10.000 
-------Сторона YZ при Z=Z-1------
20.000 20.000 20.000 20.000 20.000 20.000 20.000 20.000 20.000 20.000 
20.000 20.000 20.000 20.000 20.000 20.000 20.000 20.000 20.000 20.000 
20.000 20.000 20.000 20.000 20.000 20.000 20.000 20.000 20.000 20.000 
20.000 20.000 20.000 20.000 20.000 20.000 20.000 20.000 20.000 20.000 
20.000 20.000 20.000 20.000 20.000 20.000 20.000 20.000 20.000 20.000 
20.000 20.000 20.000 20.000 20.000 20.000 20.000 20.000 20.000 20.000 
20.000 20.000 20.000 20.000 20.000 20.000 20.000 20.000 20.000 20.000 
20.000 20.000 20.000 20.000 20.000 20.000 20.000 20.000 20.000 20.000 
20.000 20.000 20.000 20.000 20.000 20.000 20.000 20.000 20.000 20.000 
20.000 20.000 20.000 20.000 20.000 20.000 20.000 20.000 20.000 20.000 
