------Сторона XZ сверху-------
0.467 0.770 0.844 0.734 0.562 0.444 0.434 0.492 0.531 0.468 0.277 
0.782 1.261 1.335 1.099 0.748 0.555 0.562 0.733 0.839 0.766 0.464 
0.905 1.407 1.318 0.936 0.503 0.358 0.374 0.617 0.823 0.852 0.535 
0.866 1.274 1.038 0.595 0.188 0.114 0.129 0.386 0.644 0.768 0.510 
0.774 0.995 0.662 0.222 0.000 0.000 0.000 0.140 0.406 0.597 0.455 
0.724 0.905 0.586 0.188 0.000 0.000 0.000 0.115 0.359 0.545 0.426 
0.758 0.991 0.667 0.234 0.000 0.000 0.000 0.149 0.412 0.598 0.448 
0.806 1.195 0.987 0.578 0.190 0.117 0.132 0.380 0.620 0.729 0.480 
0.781 1.224 1.164 0.845 0.469 0.341 0.356 0.570 0.742 0.755 0.469 
0.620 1.010 1.088 0.920 0.647 0.496 0.501 0.634 0.704 0.629 0.376 
0.338 0.564 0.633 0.569 0.456 0.374 0.365 0.398 0.414 0.355 0.206 
-------------
0.450 0.566 0.366 0.116 0.000 0.000 0.000 0.118 0.351 0.513 0.387 
0.632 0.793 0.512 0.163 0.000 0.000 0.000 0.166 0.490 0.713 0.538 
0.444 0.555 0.358 0.114 0.000 0.000 0.000 0.117 0.341 0.496 0.374 
-------------
0.759 0.944 0.609 0.191 0.000 0.000 0.000 0.117 0.373 0.568 0.446 
1.048 1.307 0.845 0.268 0.000 0.000 0.000 0.164 0.517 0.787 0.616 
0.724 0.905 0.586 0.188 0.000 0.000 0.000 0.115 0.359 0.545 0.426 
-------------
0.287 0.482 0.557 0.533 0.476 0.446 0.469 0.502 0.490 0.392 0.215 
0.398 0.668 0.772 0.737 0.658 0.616 0.648 0.694 0.678 0.543 0.298 
0.277 0.464 0.535 0.510 0.455 0.426 0.448 0.480 0.469 0.376 0.206 
-------------
0.484 0.814 0.945 0.906 0.810 0.759 0.795 0.845 0.818 0.649 0.353 
0.672 1.128 1.308 1.253 1.120 1.048 1.097 1.167 1.130 0.897 0.488 
0.467 0.782 0.905 0.866 0.774 0.724 0.758 0.806 0.781 0.620 0.338 
