------Сторона XZ сверху-------
0.002 0.002 0.001 0.001 0.001 
0.001 0.001 0.000 0.000 0.000 
0.001 0.001 0.000 0.001 0.001 
0.002 0.001 0.001 0.001 0.001 
0.001 0.001 0.000 0.000 0.000 
-------Сторона XY в разрезе------
0.002 0.001 0.000 0.001 0.001 
0.002 0.001 0.000 0.002 0.001 
0.001 0.000 0.000 0.001 0.000 
-------Сторона YZ при в разрезе------
0.002 0.002 0.000 0.001 0.001 
0.002 0.002 0.000 0.001 0.001 
0.001 0.001 0.000 0.001 0.001 
-------Сторона YZ при Z=0------
0.002 0.001 0.001 0.002 0.001 
0.002 0.001 0.001 0.002 0.001 
0.001 0.000 0.001 0.001 0.000 
-------Сторона YZ при Z=Z-1------
0.005 0.002 0.002 0.003 0.002 
0.005 0.002 0.002 0.003 0.002 
0.002 0.001 0.001 0.002 0.001 
